CD4_naive	CD8_naive	Tc	Tex	Tr1	nTreg	iTreg	Th1	Th2	Th17	Tfh	Tcm	Tem	NKT	MAIT	DC	B_cell	Monocyte	Macrophage	NK	Neutrophil	Tgd	CD4_T	CD8_T	InfiltrationScore
TCGA.05.4244.01A.01R.1107.07	0	0.074	0.213	0.061	0.097	0.099	0.307	0.109	0.018	0.112	0.307	0.081	0.031	0.067	0.08	0.242	0.068	0.144	0.279	0.291	0.159	0.049	0.236	0.146	0.783
TCGA.05.4249.01A.01R.1107.07	0	0.093	0.099	0.068	0.155	0.115	0.289	0.066	0.111	0.184	0.25	0.073	0.016	0.009	0.089	0.239	0.129	0.153	0.262	0.203	0.141	0.066	0.183	0.176	0.742
TCGA.05.4250.01A.01R.1107.07	0	0.036	0.29	0.149	0.041	0.126	0.24	0.183	0.006	0.151	0.378	0.121	0.006	0.043	0.085	0.21	0.083	0.136	0.265	0.256	0.084	0.115	0.107	0.185	0.663
TCGA.05.4382.01A.01R.1206.07	0	0.003	0.164	0.1	0.111	0.105	0.317	0.135	0.044	0.102	0.288	0.061	0.023	0.113	0.15	0.241	0.095	0.189	0.361	0.347	0.121	0.048	0.145	0.204	0.852
TCGA.05.4384.01A.01R.1755.07	0	0.022	0.177	0.042	0.08	0.132	0.248	0.04	0.068	0.211	0.335	0.094	0	0.122	0.115	0.194	0.076	0.138	0.288	0.376	0.16	0.032	0.214	0.14	0.793
TCGA.05.4389.01A.01R.1206.07	0	0.03	0.206	0.101	0.092	0.121	0.294	0.216	0.1	0.142	0.36	0.1	0.039	0.027	0.106	0.288	0.128	0.11	0.245	0.358	0.118	0.085	0.114	0.237	0.799
TCGA.05.4390.01A.02R.1755.07	0	0.054	0.09	0.06	0.127	0.216	0.26	0.063	0.033	0.194	0.131	0.076	0.041	0.068	0.019	0.231	0.101	0.198	0.274	0.104	0.18	0.064	0.104	0.199	0.696
TCGA.05.4395.01A.01R.1206.07	0	0	0.199	0.065	0.036	0.168	0.365	0.139	0.105	0.178	0.343	0.053	0.049	0.02	0.127	0.2	0.066	0.209	0.249	0.363	0.126	0.076	0.055	0.193	0.731
TCGA.05.4396.01A.21R.1858.07	0	0.086	0.149	0.061	0.108	0.166	0.289	0.128	0.065	0.202	0.301	0.123	0.013	0.026	0.116	0.131	0.107	0.09	0.126	0.272	0.147	0.015	0.163	0.141	0.589
TCGA.05.4397.01A.01R.1206.07	0	0.041	0.145	0.078	0.1	0.14	0.27	0.07	0.104	0.146	0.241	0.061	0.03	0	0.049	0.233	0.168	0.134	0.317	0.229	0.145	0.072	0.088	0.184	0.75
TCGA.05.4398.01A.01R.1206.07	0	0.022	0.194	0.116	0.095	0.169	0.278	0.188	0.084	0.159	0.304	0.064	0.026	0.073	0.074	0.2	0.105	0.154	0.311	0.284	0.123	0.052	0.199	0.21	0.794
TCGA.05.4402.01A.01R.1206.07	0	0.061	0.109	0.055	0.117	0.107	0.247	0.068	0.12	0.196	0.236	0.092	0.01	0.098	0.116	0.206	0.118	0.17	0.332	0.22	0.129	0.038	0.143	0.199	0.759
TCGA.05.4403.01A.01R.1206.07	0	0.013	0.168	0.044	0.075	0.116	0.254	0.079	0.139	0.175	0.346	0.111	0.03	0.089	0.13	0.273	0.077	0.148	0.359	0.332	0.124	0.016	0.1	0.185	0.8
TCGA.05.4405.01A.21R.1858.07	0	0.054	0.14	0.052	0.102	0.086	0.241	0.033	0.077	0.177	0.296	0.103	0.021	0.095	0.066	0.172	0.122	0.142	0.295	0.219	0.139	0.057	0.206	0.164	0.729
TCGA.05.4410.01A.21R.1858.07	0	0.039	0.225	0.135	0.129	0.067	0.285	0.2	0.063	0.141	0.362	0.107	0.038	0.028	0.03	0.127	0.148	0.153	0.233	0.325	0.102	0.068	0.2	0.221	0.755
TCGA.05.4415.01A.22R.1858.07	0	0.063	0.23	0.113	0.081	0.187	0.388	0.279	0.051	0.079	0.154	0.017	0.039	0	0.097	0.181	0.034	0.147	0.257	0.301	0.188	0.052	0.057	0.179	0.673
TCGA.05.4417.01A.22R.1858.07	0	0.065	0.196	0.101	0.13	0.164	0.311	0.136	0.068	0.163	0.364	0.137	0	0.024	0.157	0.241	0.086	0.12	0.239	0.3	0.097	0.03	0.196	0.227	0.754
TCGA.05.4418.01A.01R.1206.07	0	0.008	0.187	0.106	0.12	0.16	0.312	0.187	0.061	0.153	0.39	0.116	0.057	0	0.126	0.206	0.095	0.118	0.244	0.291	0.114	0.037	0.14	0.248	0.729
TCGA.05.4420.01A.01R.1206.07	0	0.031	0.132	0.062	0.113	0.205	0.196	0.02	0.012	0.198	0.156	0.063	0.031	0.123	0.083	0.153	0.114	0.149	0.254	0.246	0.241	0.014	0.114	0.165	0.718
TCGA.05.4422.01A.01R.1206.07	0	0.034	0.198	0.11	0.101	0.092	0.291	0.222	0.078	0.152	0.392	0.113	0.039	0	0.121	0.126	0.133	0.064	0.205	0.329	0.075	0.072	0.197	0.248	0.689
TCGA.05.4424.01A.22R.1858.07	0	0.082	0.131	0.054	0.109	0.107	0.288	0.055	0.098	0.149	0.371	0.109	0	0.102	0.101	0.17	0.138	0.148	0.33	0.268	0.15	0.031	0.123	0.177	0.753
TCGA.05.4425.01A.01R.1755.07	0	0.058	0.159	0.088	0.101	0.076	0.297	0.185	0.141	0.149	0.342	0.116	0.071	0	0.139	0.28	0.053	0.088	0.273	0.338	0.082	0.051	0.177	0.174	0.733
TCGA.05.4426.01A.01R.1206.07	0.001	0.079	0.142	0.072	0.105	0.105	0.256	0.146	0.145	0.19	0.263	0.024	0.047	0.012	0.102	0.205	0.067	0.224	0.271	0.283	0.156	0.01	0.212	0.17	0.794
TCGA.05.4427.01A.21R.1858.07	0	0.048	0.215	0.087	0.087	0.163	0.298	0.155	0	0.15	0.277	0.098	0.045	0.046	0.048	0.217	0.075	0.189	0.287	0.239	0.149	0.059	0.192	0.155	0.752
TCGA.05.4430.01A.02R.1206.07	0	0.064	0.149	0.08	0.086	0.116	0.273	0.063	0.101	0.132	0.316	0.094	0.004	0.138	0.105	0.246	0.092	0.129	0.289	0.294	0.134	0.087	0.155	0.221	0.781
TCGA.05.4432.01A.01R.1206.07	0	0.053	0.183	0.1	0.092	0.143	0.28	0.166	0.064	0.17	0.339	0.092	0.024	0.098	0.08	0.193	0.116	0.119	0.216	0.328	0.113	0.046	0.15	0.211	0.724
TCGA.05.4433.01A.22R.1858.07	0	0.048	0.194	0.078	0.091	0.094	0.288	0.119	0.063	0.153	0.374	0.094	0.04	0.045	0.123	0.22	0.093	0.177	0.337	0.307	0.124	0.03	0.174	0.161	0.796
TCGA.05.4434.01A.01R.1206.07	0	0.044	0.166	0.114	0.09	0.1	0.302	0.191	0.108	0.08	0.364	0.107	0.013	0.105	0.098	0.242	0.123	0.115	0.301	0.342	0.105	0.037	0.207	0.201	0.818
TCGA.05.5420.01A.01R.1628.07	0	0	0.24	0.113	0.177	0.128	0.324	0.21	0.067	0.039	0.379	0.091	0.042	0.069	0.136	0.253	0.13	0.149	0.359	0.363	0.086	0.072	0.1	0.242	0.841
TCGA.05.5423.01A.01R.1628.07	0	0.075	0.139	0.077	0.143	0.133	0.258	0.041	0.033	0.113	0.419	0.083	0.021	0.057	0.118	0.319	0.135	0.077	0.328	0.252	0.125	0.085	0.166	0.243	0.823
TCGA.05.5425.01A.02R.1628.07	0	0.045	0.219	0.121	0.112	0.104	0.326	0.181	0.058	0.132	0.398	0.093	0.024	0.044	0.082	0.224	0.094	0.138	0.29	0.359	0.112	0.082	0.127	0.221	0.782
TCGA.05.5428.01A.01R.1628.07	0	0.038	0.083	0.097	0.1	0.089	0.251	0.094	0.036	0.12	0.203	0.049	0.118	0.062	0.087	0.258	0.091	0.136	0.357	0.206	0.168	0.049	0.098	0.174	0.744
TCGA.05.5429.01A.01R.1628.07	0	0.08	0.156	0.014	0.083	0.115	0.155	0.047	0.186	0.216	0.32	0.129	0.086	0.064	0.123	0.14	0.089	0.087	0.145	0.207	0.117	0	0.16	0.142	0.543
TCGA.05.5715.01A.01R.1628.07	0	0.065	0.104	0.102	0.101	0.079	0.159	0.049	0.105	0.153	0.169	0.122	0	0.075	0.139	0.301	0.12	0.198	0.391	0.196	0.171	0.023	0.102	0.135	0.807
TCGA.35.3615.01A.01R.0946.07	0	0.042	0.096	0.112	0.083	0.131	0.254	0.17	0.093	0.204	0.289	0.064	0.101	0.02	0.111	0.251	0.106	0.12	0.259	0.288	0.121	0.054	0.124	0.199	0.734
TCGA.35.4122.01A.01R.1107.07	0	0	0.262	0.115	0.066	0.127	0.268	0.208	0.115	0.07	0.383	0.074	0.014	0.117	0.155	0.273	0.109	0.117	0.388	0.345	0.069	0.076	0.068	0.24	0.805
TCGA.35.4123.01A.01R.1107.07	0	0.045	0.241	0.146	0.061	0.093	0.307	0.208	0.091	0.091	0.406	0.088	0.039	0.038	0.093	0.206	0.073	0.112	0.289	0.346	0.055	0.128	0.134	0.253	0.734
TCGA.35.5375.01A.01R.1628.07	0	0	0.18	0.094	0.058	0.121	0.238	0.231	0.136	0.016	0.365	0.058	0.084	0.108	0.139	0.14	0.1	0.106	0.216	0.454	0.094	0.086	0.115	0.277	0.751
TCGA.38.4625.01A.01R.1206.07	0	0.025	0.227	0.097	0.063	0.131	0.262	0.178	0.071	0.112	0.298	0.114	0.062	0.085	0.066	0.206	0.109	0.118	0.33	0.258	0.139	0.036	0.089	0.184	0.717
TCGA.38.4625.11A.01R.1758.07	0	0	0.136	0.044	0	0.002	0.13	0.026	0.131	0.137	0.394	0.053	0.02	0.267	0.152	0.213	0.057	0.133	0.362	0.388	0.219	0.105	0.107	0.186	0.833
TCGA.38.4626.01A.01R.1206.07	0	0.074	0.203	0.05	0.089	0.074	0.328	0.023	0.064	0.162	0.274	0.036	0.001	0.118	0.135	0.292	0.035	0.201	0.429	0.303	0.167	0.035	0.165	0.101	0.846
TCGA.38.4626.11A.01R.1758.07	0	0.029	0.204	0.07	0.031	0.034	0.212	0.066	0.122	0.117	0.339	0	0.02	0.159	0.179	0.247	0.05	0.154	0.423	0.432	0.193	0.08	0.088	0.162	0.875
TCGA.38.4627.01A.01R.1206.07	0	0.043	0.136	0.057	0.083	0.058	0.245	0.05	0.19	0.118	0.311	0.13	0.02	0.151	0.142	0.202	0.089	0.183	0.329	0.313	0.093	0.052	0.208	0.145	0.782
TCGA.38.4627.11A.01R.1758.07	0	0.008	0.228	0.061	0.026	0.049	0.131	0.076	0.167	0.093	0.423	0.069	0	0.231	0.198	0.209	0.068	0.135	0.338	0.428	0.145	0.152	0.101	0.211	0.818
TCGA.38.4628.01A.01R.1206.07	0	0.06	0.037	0.127	0.129	0.03	0.107	0.021	0.143	0.187	0.096	0.03	0.005	0.142	0.107	0.304	0.113	0.217	0.344	0.168	0.204	0	0.055	0.138	0.772
TCGA.38.4629.01A.02R.1206.07	0	0	0.225	0.135	0.07	0.101	0.291	0.228	0.115	0.046	0.309	0.1	0.018	0.093	0.137	0.229	0.1	0.159	0.362	0.328	0.107	0.073	0.068	0.183	0.767
TCGA.38.4630.01A.01R.1206.07	0	0.117	0.15	0.012	0.086	0.117	0.284	0.113	0.197	0.158	0.242	0.093	0.052	0.015	0	0.198	0.138	0.145	0.204	0.226	0.132	0.06	0.185	0.165	0.698
TCGA.38.4631.01A.01R.1755.07	0	0.024	0.149	0.096	0.09	0.162	0.239	0.09	0.087	0.09	0.334	0.111	0.107	0	0.133	0.136	0.104	0.107	0.197	0.316	0.197	0.058	0.101	0.214	0.686
TCGA.38.4632.01A.01R.1755.07	0	0	0.187	0.142	0.093	0.192	0.298	0.159	0.092	0.131	0.325	0.078	0.051	0.017	0.083	0.277	0.086	0.138	0.323	0.304	0.096	0.059	0.122	0.207	0.777
TCGA.38.4632.11A.01R.1755.07	0	0.024	0.303	0.061	0.061	0.051	0.285	0.127	0.096	0.152	0.353	0.031	0	0.097	0.195	0.314	0.068	0.121	0.411	0.36	0.145	0.11	0.087	0.172	0.839
TCGA.38.6178.01A.11R.1755.07	0	0.077	0.119	0.065	0.115	0.08	0.278	0.092	0.126	0.161	0.327	0.116	0.003	0.062	0.064	0.132	0.11	0.153	0.17	0.221	0.133	0.07	0.184	0.169	0.636
TCGA.38.7271.01A.11R.2039.07	0	0.048	0.209	0.079	0.154	0.115	0.313	0.061	0.099	0.114	0.491	0.121	0	0.086	0.095	0.14	0.204	0	0.188	0.356	0.036	0.111	0.17	0.308	0.701
TCGA.38.A44F.01A.11R.A24H.07	0	0.052	0.208	0.094	0.076	0.045	0.241	0.176	0.1	0.135	0.411	0.09	0.033	0.085	0.131	0.182	0.129	0.119	0.225	0.373	0.063	0.051	0.256	0.23	0.788
TCGA.44.2655.01A.01R.0946.07	0	0.062	0.101	0.067	0.072	0.091	0.232	0.056	0.154	0.168	0.41	0.118	0.037	0.058	0.161	0.199	0.161	0.083	0.168	0.364	0.095	0.044	0.183	0.177	0.716
TCGA.44.2655.11A.01R.1758.07	0	0.022	0.166	0.046	0.059	0.005	0.151	0.074	0.144	0.146	0.371	0.05	0.021	0.224	0.155	0.112	0.093	0.153	0.255	0.383	0.228	0.073	0.188	0.135	0.773
TCGA.44.2656.01A.02R.0946.07	0	0.039	0.244	0.127	0.096	0.104	0.318	0.203	0.083	0.045	0.385	0.131	0.018	0.028	0.091	0.184	0.105	0.073	0.285	0.327	0.092	0.091	0.182	0.25	0.749
TCGA.44.2657.01A.01R.1107.07	0	0.041	0.219	0.144	0.153	0.046	0.266	0.173	0.092	0.116	0.414	0.111	0.003	0.045	0.076	0.166	0.24	0.021	0.213	0.358	0.022	0.103	0.224	0.255	0.75
TCGA.44.2657.11A.01R.1758.07	0	0.026	0.183	0.112	0.114	0.036	0.299	0.117	0.081	0.106	0.47	0.068	0.004	0.115	0.127	0.164	0.266	0.047	0.237	0.343	0.091	0.099	0.188	0.24	0.789
TCGA.44.2659.01A.01R.0946.07	0	0.093	0.163	0.066	0.132	0.12	0.271	0.146	0.113	0.126	0.37	0.119	0.032	0.02	0.101	0.16	0.108	0.074	0.208	0.327	0.084	0.089	0.193	0.298	0.726
TCGA.44.2661.01A.01R.1107.07	0	0.036	0.174	0.113	0.149	0.087	0.283	0.155	0.101	0.127	0.383	0.078	0.02	0.08	0.14	0.249	0.157	0.103	0.304	0.309	0.094	0.072	0.205	0.246	0.834
TCGA.44.2661.11A.01R.1758.07	0	0.03	0.185	0.06	0.079	0.021	0.256	0.134	0.135	0.144	0.398	0.066	0.02	0.166	0.123	0.215	0.105	0.147	0.316	0.351	0.187	0.07	0.179	0.163	0.832
TCGA.44.2662.01A.01R.0946.07	0	0.036	0.165	0.067	0.104	0.115	0.295	0.058	0	0.167	0.257	0.065	0.022	0.121	0.084	0.2	0.167	0.311	0.411	0.185	0.185	0	0.132	0.097	0.845
TCGA.44.2662.11A.01R.1758.07	0	0.011	0.246	0.046	0.044	0.034	0.229	0.027	0.132	0.139	0.456	0.031	0	0.182	0.148	0.122	0.059	0.143	0.304	0.465	0.246	0.103	0.165	0.135	0.82
TCGA.44.2665.01A.01R.0946.07	0	0.105	0.081	0.069	0.123	0.101	0.304	0	0.122	0.137	0.249	0.097	0.013	0.124	0.114	0.284	0.072	0.201	0.276	0.214	0.137	0	0.229	0.101	0.757
TCGA.44.2665.11A.01R.1758.07	0	0.049	0.146	0.039	0.083	0	0.196	0.031	0.138	0.163	0.368	0.062	0	0.209	0.157	0.169	0.05	0.197	0.326	0.346	0.202	0.05	0.171	0.13	0.796
TCGA.44.2666.01A.01R.0946.07	0	0.089	0.141	0.036	0.077	0.064	0.215	0.047	0.098	0.192	0.296	0.081	0.046	0.119	0.107	0.182	0.113	0.135	0.161	0.298	0.168	0.045	0.16	0.163	0.69
TCGA.44.2668.01A.01R.0946.07	0	0.035	0.227	0.123	0.065	0.119	0.361	0.193	0.128	0.165	0.292	0.096	0.004	0.062	0.061	0.233	0.088	0.195	0.284	0.362	0.174	0.025	0.12	0.16	0.808
TCGA.44.2668.11A.01R.1758.07	0	0	0.175	0.093	0.052	0.045	0.232	0.058	0.096	0.168	0.321	0	0	0.183	0.152	0.258	0.028	0.207	0.416	0.393	0.237	0.04	0.109	0.115	0.882
TCGA.44.3396.01A.01R.1206.07	0	0.047	0.183	0.086	0.136	0.112	0.317	0.096	0.083	0.128	0.378	0.129	0	0.059	0.074	0.186	0.112	0.173	0.29	0.305	0.123	0.071	0.207	0.195	0.796
TCGA.44.3396.11A.01R.1758.07	0	0.036	0.237	0.057	0.081	0.014	0.274	0.076	0.117	0.119	0.415	0.069	0	0.182	0.132	0.162	0.054	0.139	0.307	0.391	0.179	0.087	0.2	0.175	0.804
TCGA.44.3398.01A.01R.1107.07	0	0.072	0.231	0.085	0.103	0.129	0.272	0.038	0.13	0.1	0.303	0.101	0.037	0.097	0.168	0.341	0.097	0.151	0.294	0.377	0.088	0.049	0.157	0.177	0.841
TCGA.44.3398.11B.01R.1758.07	0	0.025	0.259	0.062	0.054	0.029	0.219	0.127	0.117	0.135	0.397	0.062	0.007	0.187	0.15	0.163	0.054	0.115	0.286	0.388	0.166	0.104	0.195	0.205	0.786
TCGA.44.3918.01A.01R.1107.07	0	0	0.24	0.144	0.078	0.107	0.336	0.201	0.074	0.062	0.37	0.117	0.008	0.08	0.177	0.203	0.098	0.091	0.285	0.329	0.077	0.073	0.172	0.252	0.754
TCGA.44.3919.01A.02R.1107.07	0	0.055	0.177	0.088	0.096	0.123	0.312	0.158	0.123	0.119	0.351	0.111	0.021	0.094	0.085	0.203	0.124	0.102	0.248	0.329	0.097	0.038	0.207	0.236	0.774
TCGA.44.4112.01A.01R.1107.07	0	0.011	0.161	0.058	0.109	0.115	0.265	0.029	0.032	0.168	0.357	0.124	0.05	0.089	0.107	0.209	0.111	0.153	0.269	0.177	0.14	0.051	0.189	0.165	0.707
TCGA.44.5643.01A.01R.1628.07	0	0.043	0.204	0.059	0.106	0.123	0.363	0.168	0.067	0.066	0.399	0.082	0.046	0.027	0.055	0.189	0.117	0.097	0.131	0.23	0.148	0.096	0.162	0.239	0.657
TCGA.44.5644.01A.21R.2039.07	0	0.132	0.115	0.036	0.014	0.145	0.273	0.053	0.17	0.168	0.265	0.034	0.058	0.005	0.102	0.1	0.124	0.11	0.082	0.238	0.216	0.047	0.13	0.169	0.585
TCGA.44.5645.01A.01R.1628.07	0	0.09	0.11	0.037	0.145	0.092	0.344	0.057	0.113	0.116	0.393	0.11	0	0.077	0.132	0.198	0.162	0.1	0.208	0.254	0.097	0.038	0.251	0.24	0.755
TCGA.44.5645.11A.01R.1628.07	0	0.016	0.244	0.018	0.049	0	0.188	0.053	0.137	0.155	0.371	0.056	0	0.211	0.169	0.165	0.081	0.124	0.292	0.394	0.186	0.099	0.196	0.194	0.817
TCGA.44.6144.11A.01R.1755.07	0	0	0.269	0.049	0.03	0.012	0.188	0.133	0.121	0.153	0.377	0.04	0.018	0.184	0.167	0.256	0.069	0.136	0.332	0.389	0.158	0.109	0.169	0.164	0.836
TCGA.44.6145.01A.11R.1755.07	0	0	0.239	0.148	0.091	0.156	0.339	0.172	0.084	0.159	0.399	0.124	0	0.049	0.085	0.147	0.134	0.151	0.213	0.368	0.11	0.046	0.15	0.276	0.775
TCGA.44.6145.11A.01R.1858.07	0	0.01	0.248	0.021	0.052	0.031	0.226	0.045	0.133	0.164	0.403	0.02	0	0.182	0.152	0.155	0.048	0.159	0.293	0.432	0.209	0.111	0.174	0.145	0.808
TCGA.44.6146.01A.11R.1755.07	0	0.055	0.111	0.01	0.02	0.126	0.24	0.027	0.138	0.266	0.291	0.104	0.063	0.023	0.153	0.083	0.092	0.12	0.081	0.27	0.171	0.021	0.188	0.147	0.577
TCGA.44.6146.11A.01R.1858.07	0	0.021	0.24	0.076	0.063	0.013	0.234	0.105	0.112	0.144	0.427	0.08	0.006	0.136	0.129	0.149	0.071	0.125	0.262	0.39	0.168	0.125	0.184	0.187	0.768
TCGA.44.6147.01A.11R.1755.07	0	0.083	0.144	0.019	0.14	0.06	0.279	0.065	0.117	0.145	0.411	0.159	0	0.069	0.096	0.094	0.154	0.1	0.157	0.229	0.105	0.084	0.262	0.198	0.649
TCGA.44.6147.11A.01R.1858.07	0	0.037	0.242	0.027	0	0.039	0.214	0.028	0.158	0.189	0.422	0.036	0	0.148	0.16	0.135	0	0.162	0.265	0.445	0.254	0.083	0.135	0.16	0.778
TCGA.44.6148.01A.11R.1755.07	0	0.072	0.117	0.063	0.08	0.079	0.231	0.034	0.086	0.163	0.378	0.069	0.008	0.078	0.183	0.124	0.097	0.105	0.192	0.264	0.146	0.08	0.267	0.195	0.695
TCGA.44.6148.11A.01R.1858.07	0	0.021	0.198	0.016	0.033	0.01	0.248	0.094	0.119	0.158	0.415	0.08	0.004	0.182	0.165	0.095	0.096	0.137	0.23	0.351	0.203	0.09	0.228	0.156	0.748
TCGA.44.6774.01A.21R.1858.07	0	0.082	0.124	0.099	0.12	0.132	0.356	0.049	0.12	0.116	0.242	0.102	0	0.056	0.057	0.194	0.072	0.181	0.287	0.249	0.13	0.034	0.221	0.147	0.74
TCGA.44.6775.01A.11R.1858.07	0	0.117	0.156	0.068	0.155	0.127	0.316	0.039	0.113	0.142	0.208	0.099	0	0.065	0.072	0.306	0.152	0.203	0.331	0.223	0.114	0.02	0.169	0.142	0.821
TCGA.44.6776.01A.11R.1858.07	0.013	0.088	0.146	0.051	0.064	0.08	0.208	0.052	0.072	0.229	0.31	0.095	0.001	0.079	0.162	0.181	0.079	0.123	0.062	0.221	0.159	0.057	0.161	0.165	0.575
TCGA.44.6776.11A.01R.1858.07	0.001	0.003	0.233	0.02	0	0.002	0.183	0.041	0.134	0.169	0.396	0.021	0.017	0.191	0.175	0.16	0.042	0.146	0.238	0.454	0.183	0.107	0.176	0.14	0.77
TCGA.44.6777.01A.11R.1858.07	0	0.053	0.197	0.078	0.122	0.106	0.326	0.055	0.028	0.097	0.303	0.102	0	0.139	0.111	0.274	0.121	0.17	0.387	0.267	0.105	0.048	0.184	0.177	0.843
TCGA.44.6777.11A.01R.1858.07	0	0	0.235	0.078	0.055	0.011	0.237	0.106	0.106	0.152	0.404	0.057	0.013	0.184	0.142	0.174	0.106	0.129	0.305	0.374	0.154	0.119	0.156	0.21	0.804
TCGA.44.6778.01A.11R.1858.07	0	0.014	0.213	0.119	0.143	0.086	0.334	0.178	0.074	0.055	0.404	0.118	0.006	0.12	0.087	0.221	0.123	0.058	0.31	0.372	0.097	0.062	0.189	0.208	0.789
TCGA.44.6778.11A.01R.1858.07	0	0.019	0.216	0.08	0.07	0.028	0.241	0.132	0.105	0.114	0.452	0.074	0.014	0.141	0.124	0.134	0.033	0.12	0.282	0.436	0.213	0.083	0.213	0.138	0.785
TCGA.44.6779.01A.11R.1858.07	0	0.041	0.252	0.113	0.066	0.138	0.371	0.195	0.066	0.098	0.404	0.114	0	0	0.072	0.172	0.103	0.175	0.296	0.36	0.098	0.077	0.078	0.236	0.759
TCGA.44.7659.01A.11R.2066.07	0	0.079	0.156	0.054	0.096	0.064	0.245	0.068	0.059	0.186	0.359	0.089	0.018	0.089	0.028	0.192	0.129	0.114	0.209	0.257	0.115	0.126	0.237	0.209	0.731
TCGA.44.7660.01A.11R.2066.07	0	0.045	0.201	0.053	0.068	0.088	0.291	0.135	0.146	0.101	0.272	0.027	0.06	0.115	0.07	0.143	0.125	0.151	0.246	0.272	0.149	0.105	0.145	0.177	0.704
TCGA.44.7661.01A.11R.2066.07	0	0.062	0.151	0.094	0.114	0.129	0.334	0.149	0.099	0.083	0.297	0.122	0.03	0.136	0.074	0.248	0.094	0.178	0.267	0.273	0.11	0.046	0.206	0.16	0.768
TCGA.44.7662.01A.11R.2066.07	0	0.068	0.225	0.125	0.088	0.091	0.32	0.2	0.076	0.111	0.31	0.082	0.042	0.025	0.072	0.207	0.073	0.182	0.277	0.312	0.116	0.07	0.147	0.187	0.751
TCGA.44.7667.01A.31R.2066.07	0	0	0.149	0.127	0.07	0.187	0.213	0.18	0	0.091	0.185	0.099	0.077	0	0.11	0.241	0.074	0.161	0.287	0.225	0.194	0.062	0.077	0.253	0.756
TCGA.44.7669.01A.21R.2066.07	0	0.075	0.173	0.037	0.106	0.139	0.393	0.095	0.082	0.07	0.309	0.109	0.007	0.092	0.075	0.227	0.098	0.153	0.269	0.303	0.134	0.042	0.175	0.171	0.765
TCGA.44.7670.01A.11R.2066.07	0	0.103	0.153	0.115	0.044	0.145	0.224	0.1	0.194	0.129	0.293	0.062	0.005	0	0.081	0.167	0.154	0.138	0.121	0.407	0.161	0.054	0.092	0.192	0.716
TCGA.44.7671.01A.11R.2066.07	0	0.059	0.119	0.075	0.12	0.105	0.188	0.026	0.056	0.232	0.176	0.091	0.028	0.083	0.079	0.22	0.093	0.144	0.189	0.216	0.157	0.035	0.157	0.11	0.643
TCGA.44.7672.01A.11R.2066.07	0	0.069	0.217	0.135	0.139	0.128	0.281	0.188	0.069	0.09	0.355	0.124	0	0.075	0.081	0.22	0.136	0.129	0.272	0.333	0.076	0.055	0.169	0.242	0.789
TCGA.44.8117.01A.11R.2241.07	0	0.076	0.115	0.107	0.101	0.1	0.278	0.159	0.135	0.112	0.298	0.072	0.045	0.059	0.038	0.181	0.105	0.14	0.221	0.281	0.137	0.074	0.148	0.175	0.695
TCGA.44.8119.01A.11R.2241.07	0	0.057	0.212	0.111	0.108	0.212	0.323	0.14	0	0.098	0.334	0.089	0.037	0	0.074	0.199	0.056	0.17	0.24	0.247	0.143	0.062	0.16	0.229	0.722
TCGA.44.8120.01A.11R.2241.07	0	0.074	0.129	0.047	0.1	0.074	0.282	0.035	0.148	0.174	0.369	0.106	0	0.156	0.042	0.198	0.103	0.13	0.183	0.272	0.124	0.064	0.169	0.218	0.699
TCGA.44.A479.01A.31R.A24H.07	0	0.031	0.209	0.13	0.139	0.104	0.331	0.216	0	0.101	0.388	0.15	0.004	0.078	0.114	0.145	0.136	0.129	0.209	0.293	0.061	0.052	0.201	0.221	0.697
TCGA.44.A47A.01A.21R.A24H.07	0	0.107	0.105	0.03	0.127	0.083	0.343	0.108	0.057	0.162	0.315	0.056	0.004	0.095	0.136	0.318	0.092	0.157	0.233	0.174	0.144	0.032	0.225	0.215	0.779
TCGA.44.A47B.01A.11R.A24H.07	0	0.005	0.213	0.085	0.13	0.109	0.332	0.11	0.084	0.187	0.388	0.091	0.007	0	0.084	0.179	0.084	0.12	0.237	0.25	0.103	0.057	0.21	0.187	0.685
TCGA.44.A47G.01A.21R.A24H.07	0	0.064	0.224	0.09	0.11	0.112	0.307	0.155	0.076	0.088	0.407	0.115	0.006	0.072	0.081	0.182	0.102	0.132	0.254	0.344	0.053	0.062	0.251	0.269	0.794
TCGA.44.A4SS.01A.11R.A24X.07	0	0.034	0.249	0.123	0.083	0.087	0.272	0.183	0.093	0.134	0.425	0.133	0.045	0.029	0.086	0.176	0.086	0.167	0.25	0.374	0.096	0.017	0.182	0.231	0.782
TCGA.44.A4SU.01A.11R.A24X.07	0	0.071	0.129	0.073	0.111	0.087	0.256	0.131	0.088	0.132	0.388	0.134	0.028	0.073	0.053	0.103	0.163	0.086	0.066	0.27	0.106	0.07	0.262	0.241	0.649
TCGA.49.4486.01A.01R.1206.07	0	0.068	0.075	0.06	0.009	0.082	0.136	0.076	0.09	0.233	0.364	0.059	0.072	0.069	0.137	0.133	0.117	0.076	0.041	0.211	0.158	0.07	0.152	0.199	0.544
TCGA.49.4487.01A.21R.1858.07	0	0.066	0.237	0.106	0.111	0.084	0.297	0.159	0.079	0.104	0.423	0.132	0	0.08	0.077	0.167	0.206	0.078	0.141	0.297	0.043	0.098	0.209	0.257	0.7
TCGA.49.4488.01A.01R.1755.07	0	0.036	0.192	0.117	0.072	0.15	0.256	0.2	0.035	0.112	0.353	0.08	0.053	0.037	0.088	0.244	0.084	0.044	0.182	0.305	0.115	0.109	0.151	0.224	0.675
TCGA.49.4490.01A.21R.1858.07	0	0.065	0.127	0.05	0.063	0.05	0.157	0.064	0.15	0.161	0.371	0.087	0.038	0.119	0.088	0.112	0.095	0.117	0.171	0.255	0.147	0.071	0.219	0.234	0.675
TCGA.49.4490.11A.01R.1858.07	0	0.009	0.247	0.048	0	0.015	0.125	0.121	0.155	0.13	0.39	0.04	0.045	0.185	0.231	0.179	0.099	0.096	0.268	0.46	0.182	0.153	0.106	0.212	0.802
TCGA.49.4494.01A.01R.1206.07	0	0	0.178	0.122	0.06	0.111	0.155	0.164	0.03	0.145	0.258	0.068	0.051	0.095	0.179	0.227	0.108	0.144	0.274	0.3	0.159	0.099	0.059	0.195	0.734
TCGA.49.4501.01A.01R.1206.07	0	0.055	0.128	0.066	0.077	0.074	0.254	0.093	0.125	0.171	0.453	0.12	0.021	0.056	0.165	0.213	0.126	0.088	0.202	0.306	0.069	0.058	0.197	0.236	0.719
TCGA.49.4505.01A.01R.1206.07	0	0.03	0.189	0.131	0.072	0.116	0.283	0.161	0.079	0.135	0.381	0.093	0.016	0.059	0.083	0.232	0.091	0.064	0.273	0.328	0.109	0.078	0.154	0.246	0.749
TCGA.49.4506.01A.01R.1206.07	0	0	0.237	0.123	0.048	0.146	0.233	0.218	0.045	0.199	0.414	0.109	0.055	0.004	0.179	0.171	0.056	0.139	0.21	0.382	0.106	0.083	0.109	0.258	0.715
TCGA.49.4507.01A.01R.1206.07	0	0	0.278	0.167	0.037	0.136	0.248	0.201	0.149	0.061	0.412	0.06	0.025	0.035	0.126	0.107	0.136	0.162	0.19	0.429	0.075	0.096	0.14	0.303	0.771
TCGA.49.4510.01A.01R.1206.07	0	0.04	0.128	0.044	0.073	0.157	0.214	0.013	0.109	0.192	0.353	0.053	0.018	0.106	0.141	0.172	0.094	0.082	0.185	0.293	0.143	0.059	0.197	0.253	0.709
TCGA.49.4512.01A.21R.1858.07	0	0.136	0.083	0.09	0.096	0.087	0.231	0.016	0.143	0.111	0.222	0.017	0.036	0.101	0.077	0.23	0.135	0.205	0.315	0.246	0.143	0.008	0.246	0.133	0.827
TCGA.49.4512.11A.01R.1858.07	0	0.012	0.22	0.07	0.01	0.028	0.148	0.163	0.145	0.128	0.361	0.058	0.051	0.167	0.184	0.279	0.086	0.126	0.314	0.376	0.146	0.1	0.102	0.247	0.838
TCGA.49.4514.01A.21R.1858.07	0	0.059	0.221	0.152	0.062	0.1	0.242	0.213	0.138	0.116	0.38	0.087	0.025	0	0.143	0.169	0.165	0.143	0.098	0.387	0.108	0.063	0.101	0.232	0.702
TCGA.49.6742.01A.11R.1858.07	0	0.083	0.077	0.046	0	0.058	0.131	0.048	0.011	0.255	0.219	0.057	0.028	0.109	0.121	0.15	0.097	0.15	0.177	0.245	0.228	0.051	0.115	0.135	0.649
TCGA.49.6742.11A.01R.1858.07	0	0.069	0.089	0.048	0.008	0	0.151	0.053	0.101	0.189	0.22	0	0.037	0.188	0.174	0.231	0.064	0.169	0.315	0.264	0.196	0.067	0.148	0.159	0.774
TCGA.49.6743.01A.11R.1858.07	0	0.018	0.192	0.099	0.109	0.138	0.329	0.148	0.066	0.183	0.302	0.116	0.018	0.014	0.059	0.23	0.117	0.178	0.237	0.311	0.123	0.049	0.095	0.206	0.748
TCGA.49.6743.11A.01R.1858.07	0	0.032	0.184	0.026	0.059	0.002	0.187	0.027	0.153	0.159	0.411	0.062	0.035	0.19	0.167	0.146	0.074	0.136	0.293	0.39	0.16	0.068	0.153	0.173	0.763
TCGA.49.6744.01A.11R.1858.07	0	0.064	0.216	0.078	0.104	0.073	0.309	0.082	0.098	0.155	0.418	0.123	0	0.082	0.11	0.244	0.102	0.144	0.251	0.329	0.09	0.083	0.195	0.219	0.787
TCGA.49.6744.11A.01R.1858.07	0	0	0.205	0.019	0.002	0.015	0.2	0.037	0.141	0.182	0.382	0.061	0.025	0.209	0.172	0.183	0.075	0.163	0.27	0.37	0.203	0.081	0.158	0.15	0.786
TCGA.49.6745.01A.11R.1858.07	0	0.048	0.217	0.096	0.074	0.112	0.32	0.184	0.098	0.131	0.332	0.133	0.017	0.031	0.151	0.205	0.107	0.154	0.262	0.304	0.124	0.04	0.167	0.183	0.754
TCGA.49.6745.11A.01R.1858.07	0	0.016	0.207	0.045	0	0.01	0.168	0.153	0.128	0.117	0.395	0.055	0.077	0.179	0.184	0.19	0.066	0.098	0.281	0.389	0.181	0.124	0.143	0.211	0.78
TCGA.49.6761.01A.31R.1949.07	0	0.039	0.297	0.169	0.035	0.112	0.313	0.21	0.063	0.079	0.36	0.092	0.073	0	0.081	0.189	0.064	0.077	0.193	0.337	0.091	0.061	0.183	0.216	0.675
TCGA.49.6761.11A.01R.1949.07	0	0.003	0.264	0	0	0	0.06	0.043	0.129	0.162	0.411	0.054	0	0.21	0.2	0.225	0.079	0.143	0.291	0.426	0.183	0.154	0.134	0.178	0.83
TCGA.49.6767.01A.11R.1858.07	0	0.075	0.283	0.158	0.059	0.118	0.237	0.27	0.065	0	0.28	0.07	0.096	0.02	0	0.196	0.074	0.139	0.219	0.299	0.113	0.095	0.135	0.215	0.695
TCGA.49.AAQV.01A.11R.A39D.07	0	0.084	0.162	0.073	0.071	0.164	0.208	0.127	0.109	0.176	0.396	0.127	0.018	0.069	0.047	0.152	0.133	0.113	0.131	0.255	0.098	0.03	0.242	0.285	0.705
TCGA.49.AAR0.01A.21R.A39D.07	0	0.064	0.139	0.103	0.067	0.075	0.198	0.154	0.092	0.132	0.43	0.049	0.018	0.112	0.117	0.175	0.147	0.105	0.262	0.354	0.095	0.085	0.208	0.245	0.795
TCGA.49.AAR2.01A.11R.A39D.07	0	0.041	0.177	0.089	0.097	0.111	0.265	0.132	0.048	0.173	0.386	0.114	0.057	0	0.081	0.077	0.153	0.119	0.173	0.317	0.112	0.049	0.198	0.262	0.706
TCGA.49.AAR3.01A.11R.A41B.07	0	0.057	0.273	0.159	0.084	0.114	0.269	0.222	0.112	0.061	0.337	0.096	0	0.05	0.097	0.261	0.122	0.137	0.257	0.376	0.088	0.06	0.157	0.242	0.821
TCGA.49.AAR4.01A.12R.A41B.07	0	0.05	0.25	0.122	0.12	0.056	0.277	0.216	0.085	0.102	0.421	0.122	0.017	0.005	0.022	0.101	0.101	0.107	0.156	0.347	0.044	0.141	0.265	0.285	0.704
TCGA.49.AAR9.01A.21R.A41B.07	0	0.089	0.1	0.143	0	0.178	0.179	0.115	0.131	0.129	0.074	0.036	0.09	0	0.104	0.113	0.09	0.141	0.129	0.235	0.188	0.043	0.103	0.16	0.58
TCGA.49.AARE.01A.11R.A41B.07	0	0.018	0.177	0.107	0.074	0.072	0.18	0.138	0.147	0.143	0.369	0.107	0.047	0.077	0.123	0.151	0.143	0.12	0.168	0.378	0.095	0.027	0.228	0.208	0.746
TCGA.49.AARN.01A.21R.A41B.07	0	0.089	0.153	0.076	0.068	0.115	0.215	0.144	0.121	0.182	0.329	0.089	0.036	0.061	0.054	0.135	0.157	0.08	0.096	0.317	0.096	0.043	0.235	0.267	0.691
TCGA.49.AARO.01A.12R.A41B.07	0	0.08	0.233	0.098	0.087	0.111	0.285	0.155	0.117	0.073	0.358	0.059	0.017	0.138	0.089	0.225	0.123	0.164	0.213	0.384	0.096	0.034	0.236	0.209	0.825
TCGA.49.AARQ.01A.11R.A41B.07	0	0.086	0.17	0.138	0.001	0.053	0.19	0.215	0.023	0.184	0.299	0.059	0.083	0.069	0.092	0.096	0.122	0.158	0.164	0.334	0.098	0.081	0.178	0.235	0.693
TCGA.49.AARR.01A.11R.A41B.07	0	0.043	0.179	0.067	0.074	0.121	0.24	0.077	0.113	0.134	0.396	0.073	0	0.141	0.115	0.134	0.115	0.1	0.198	0.391	0.103	0.069	0.27	0.23	0.771
TCGA.4B.A93V.01A.11R.A39D.07	0	0.005	0.23	0.118	0.09	0.191	0.274	0.177	0	0.156	0.347	0.085	0.076	0	0.068	0.158	0.093	0.1	0.181	0.369	0.118	0.056	0.163	0.253	0.717
TCGA.50.5044.01A.21R.1858.07	0	0.075	0.243	0.081	0.068	0.105	0.311	0.135	0.173	0.082	0.239	0	0.023	0.09	0.125	0.249	0.085	0.189	0.2	0.337	0.078	0.071	0.154	0.221	0.757
TCGA.50.5045.01A.01R.1628.07	0	0.078	0.187	0.112	0.1	0.115	0.259	0.141	0.133	0.062	0.387	0.1	0.021	0.131	0.115	0.246	0.156	0.097	0.304	0.365	0.047	0.053	0.168	0.266	0.825
TCGA.50.5049.01A.01R.1628.07	0	0.048	0.222	0.139	0.115	0.113	0.286	0.173	0.075	0.038	0.427	0.13	0	0.088	0.107	0.158	0.136	0.088	0.318	0.312	0.069	0.091	0.148	0.282	0.756
TCGA.50.5051.01A.21R.1858.07	0	0.047	0.085	0.073	0.036	0.204	0.199	0.043	0.062	0.199	0.299	0.105	0.036	0.071	0.118	0.149	0.173	0.111	0.07	0.293	0.14	0.034	0.211	0.195	0.671
TCGA.50.5055.01A.01R.1628.07	0	0.073	0.179	0.109	0.098	0.079	0.265	0.119	0.1	0.074	0.443	0.128	0.001	0.088	0.147	0.155	0.266	0.075	0.152	0.331	0	0.109	0.211	0.271	0.731
TCGA.50.5066.01A.01R.1628.07	0	0.011	0.21	0.131	0.116	0.119	0.27	0.206	0.059	0.028	0.376	0.099	0.074	0.122	0.173	0.169	0.096	0.083	0.272	0.393	0.047	0.102	0.122	0.249	0.716
TCGA.50.5066.02A.11R.2090.07	0.005	0.103	0.136	0.048	0.117	0.094	0.291	0.125	0.067	0.153	0.324	0.121	0.034	0.058	0.04	0.1	0.082	0.133	0.222	0.236	0.152	0.077	0.213	0.167	0.653
TCGA.50.5068.01A.01R.1628.07	0	0.074	0.185	0.12	0.062	0.103	0.244	0.15	0.144	0.119	0.404	0.114	0.072	0.018	0.118	0.21	0.132	0.115	0.272	0.338	0.033	0.073	0.144	0.288	0.766
TCGA.50.5072.01A.21R.1858.07	0	0.061	0.11	0.031	0.08	0.124	0.249	0.059	0.072	0.22	0.339	0.131	0.028	0.092	0.129	0.176	0.078	0.16	0.218	0.252	0.173	0.016	0.145	0.2	0.701
TCGA.50.5930.01A.11R.1755.07	0	0.038	0.248	0.113	0.115	0.045	0.245	0.151	0	0.168	0.409	0.103	0	0.064	0.089	0.151	0.136	0.182	0.202	0.285	0.092	0.084	0.169	0.214	0.716
TCGA.50.5930.11A.01R.1755.07	0	0.005	0.16	0.032	0	0	0.193	0.055	0.119	0.179	0.306	0.032	0	0.216	0.191	0.17	0.049	0.184	0.326	0.407	0.221	0.088	0.096	0.159	0.806
TCGA.50.5931.01A.11R.1755.07	0.041	0.152	0.015	0.105	0.01	0.042	0.25	0	0.11	0.093	0.14	0.009	0.029	0.052	0.063	0.104	0.091	0.158	0.098	0.021	0.226	0.05	0.136	0.162	0.499
TCGA.50.5931.11A.01R.1858.07	0	0.022	0.218	0.073	0.05	0	0.122	0.019	0.153	0.169	0.356	0.02	0	0.162	0.158	0.237	0.078	0.118	0.335	0.409	0.178	0.087	0.156	0.147	0.829
TCGA.50.5932.01A.11R.1755.07	0.008	0.094	0.151	0.021	0.073	0.117	0.204	0.104	0.055	0.204	0.216	0.09	0.048	0.072	0.04	0.202	0.059	0.172	0.219	0.187	0.189	0.04	0.139	0.135	0.65
TCGA.50.5932.11A.01R.1755.07	0	0.015	0.249	0.033	0.034	0.015	0.206	0.034	0.138	0.162	0.354	0.036	0	0.212	0.144	0.16	0.072	0.167	0.279	0.429	0.196	0.106	0.153	0.17	0.813
TCGA.50.5933.01A.11R.1755.07	0	0.045	0.213	0.122	0.103	0.114	0.294	0.129	0	0.113	0.188	0.084	0.054	0.096	0.097	0.242	0.079	0.196	0.358	0.145	0.148	0.026	0.149	0.121	0.719
TCGA.50.5933.11A.01R.1755.07	0	0.016	0.24	0.062	0.031	0.012	0.162	0.048	0.124	0.184	0.362	0.012	0	0.182	0.137	0.129	0.033	0.158	0.297	0.353	0.272	0.047	0.149	0.153	0.772
TCGA.50.5935.01A.11R.1755.07	0	0.059	0.187	0.035	0.091	0.107	0.318	0.121	0.116	0.154	0.339	0.114	0.015	0.071	0.11	0.253	0.103	0.064	0.142	0.304	0.11	0.074	0.211	0.209	0.698
TCGA.50.5935.11A.01R.1858.07	0	0.025	0.241	0.031	0.052	0.017	0.194	0.077	0.138	0.152	0.346	0.069	0.011	0.165	0.166	0.175	0.065	0.148	0.265	0.396	0.169	0.128	0.191	0.147	0.778
TCGA.50.5936.01A.11R.1628.07	0	0.055	0.084	0.057	0.108	0.164	0.394	0.066	0.011	0.155	0.341	0.105	0.005	0.046	0.143	0.241	0.086	0.194	0.288	0.119	0.147	0.018	0.182	0.157	0.707
TCGA.50.5936.11A.01R.1628.07	0	0	0.206	0.047	0	0.01	0.178	0.096	0.105	0.163	0.448	0.042	0.014	0.227	0.171	0.148	0.079	0.134	0.284	0.445	0.183	0.108	0.156	0.177	0.803
TCGA.50.5939.01A.11R.1628.07	0	0.045	0.171	0.088	0.135	0.135	0.365	0.057	0.002	0.135	0.321	0.115	0.004	0.075	0.096	0.203	0.141	0.223	0.288	0.3	0.12	0.005	0.132	0.146	0.777
TCGA.50.5939.11A.01R.1628.07	0	0.029	0.083	0.028	0.08	0.014	0.195	0	0.159	0.168	0.347	0.059	0	0.207	0.136	0.149	0.064	0.184	0.33	0.325	0.227	0.039	0.165	0.127	0.786
TCGA.50.5941.01A.11R.1755.07	0	0.05	0.197	0.15	0.099	0.085	0.301	0.201	0.057	0.104	0.383	0.103	0.011	0.085	0.077	0.186	0.135	0.125	0.275	0.301	0.111	0.068	0.149	0.242	0.762
TCGA.50.5942.01A.21R.1755.07	0	0.067	0.136	0.004	0.124	0.067	0.25	0.047	0.118	0.209	0.388	0.122	0	0.09	0.136	0.107	0.13	0.091	0.112	0.275	0.13	0.056	0.232	0.236	0.656
TCGA.50.5944.01A.11R.1755.07	0	0.089	0.083	0.04	0.069	0.067	0.242	0.055	0.165	0.175	0.253	0.043	0.044	0.142	0.108	0.218	0.099	0.166	0.28	0.291	0.177	0.018	0.152	0.138	0.761
TCGA.50.5946.01A.11R.1755.07	0	0.099	0.071	0.063	0.069	0.162	0.281	0.129	0.005	0.135	0.258	0.045	0.079	0	0.116	0.168	0.105	0.133	0.19	0.153	0.155	0.021	0.166	0.211	0.641
TCGA.50.5946.02A.11R.2090.07	0	0.091	0.17	0.084	0.097	0.106	0.277	0.164	0.094	0.143	0.33	0.123	0.007	0.085	0.11	0.138	0.112	0.114	0.158	0.259	0.121	0.037	0.149	0.236	0.644
TCGA.50.6590.01A.12R.1858.07	0	0	0.235	0.144	0.117	0.109	0.31	0.223	0.015	0.054	0.311	0.114	0.016	0.137	0.071	0.226	0.14	0.124	0.262	0.405	0.114	0.049	0.138	0.188	0.798
TCGA.50.6591.01A.11R.1755.07	0.031	0.161	0	0	0.065	0.002	0.095	0.016	0	0.118	0.017	0.036	0	0.097	0.027	0.119	0.117	0.163	0.086	0.018	0.26	0.068	0.078	0.077	0.459
TCGA.50.6592.01A.11R.1755.07	0	0.018	0.257	0.134	0.078	0.121	0.341	0.177	0.034	0.109	0.311	0.141	0.033	0.045	0.142	0.196	0.105	0.133	0.243	0.347	0.131	0.058	0.122	0.183	0.73
TCGA.50.6593.01A.11R.1755.07	0	0.119	0.079	0.071	0.088	0.053	0.241	0.013	0.128	0.158	0.192	0.059	0	0.14	0.097	0.257	0.119	0.228	0.312	0.238	0.172	0	0.198	0.164	0.844
TCGA.50.6594.01A.11R.1755.07	0	0.017	0.254	0.118	0.077	0.145	0.277	0.126	0	0.181	0.188	0.063	0.046	0.017	0.063	0.224	0.114	0.141	0.216	0.309	0.144	0.045	0.125	0.133	0.703
TCGA.50.6595.01A.12R.1858.07	0	0.055	0.231	0.109	0.062	0.093	0.3	0.218	0.095	0.074	0.253	0.088	0.053	0.089	0.088	0.228	0.078	0.15	0.289	0.304	0.134	0.055	0.143	0.145	0.736
TCGA.50.6595.11A.01R.1858.07	0	0.009	0.245	0.056	0.023	0	0.219	0.133	0.13	0.118	0.425	0.089	0.019	0.171	0.158	0.148	0.064	0.102	0.265	0.397	0.169	0.109	0.186	0.203	0.767
TCGA.50.6597.01A.11R.1858.07	0	0.046	0.184	0.125	0.079	0.071	0.154	0.151	0.046	0.143	0.378	0.068	0.03	0.142	0.13	0.167	0.159	0.001	0.116	0.316	0.101	0.123	0.193	0.276	0.664
TCGA.50.6673.01A.11R.1949.07	0	0.113	0.074	0.091	0.12	0.077	0.267	0.033	0.049	0.173	0.271	0.116	0.023	0.071	0.081	0.203	0.111	0.161	0.236	0.237	0.131	0.03	0.209	0.159	0.724
TCGA.50.7109.01A.11R.2039.07	0	0.038	0.197	0.113	0.084	0.187	0.226	0.186	0.044	0.188	0.369	0.145	0.035	0	0.069	0.133	0.102	0.104	0.206	0.307	0.163	0.036	0.181	0.256	0.727
TCGA.50.8457.01A.11R.2326.07	0	0.064	0.204	0.074	0.13	0.067	0.301	0.119	0.09	0.148	0.432	0.138	0	0.054	0.058	0.142	0.175	0.076	0.199	0.327	0.075	0.046	0.248	0.244	0.743
TCGA.50.8459.01A.11R.2326.07	0	0.092	0.178	0.05	0.093	0.083	0.323	0.007	0.144	0.112	0.331	0.099	0	0.136	0.086	0.245	0.129	0.217	0.302	0.305	0.09	0.026	0.245	0.185	0.859
TCGA.50.8460.01A.11R.2326.07	0	0.081	0.189	0.041	0.111	0.077	0.354	0.054	0.124	0.136	0.377	0.097	0	0.038	0.167	0.187	0.141	0.116	0.131	0.335	0.118	0.078	0.223	0.237	0.745
TCGA.53.7624.01A.11R.2066.07	0	0.031	0.2	0.123	0.055	0.213	0.258	0.215	0.16	0.063	0.31	0.05	0.083	0.006	0.019	0.191	0.078	0.096	0.201	0.394	0.144	0.045	0.113	0.252	0.734
TCGA.53.7626.01A.12R.2066.07	0	0.055	0.206	0.109	0.11	0.07	0.306	0.128	0.091	0.092	0.451	0.118	0	0.12	0.067	0.132	0.124	0.102	0.256	0.368	0.101	0.088	0.163	0.229	0.737
TCGA.53.7813.01A.11R.2170.07	0	0.11	0.158	0.138	0.044	0.076	0.235	0.236	0.097	0.185	0.324	0.136	0.057	0	0.077	0.061	0.159	0.132	0.049	0.312	0.144	0.017	0.194	0.211	0.631
TCGA.53.A4EZ.01A.12R.A24X.07	0	0.096	0.128	0.05	0.032	0.108	0.234	0.104	0.112	0.191	0.326	0.077	0.042	0.023	0.078	0.152	0.144	0.151	0.131	0.29	0.16	0.072	0.166	0.207	0.701
TCGA.55.1592.01A.01R.0946.07	0	0.067	0.113	0.031	0.09	0.099	0.252	0.043	0.1	0.182	0.316	0.084	0.021	0.083	0.116	0.229	0.11	0.168	0.32	0.27	0.149	0.07	0.14	0.176	0.781
TCGA.55.1594.01A.01R.0946.07	0	0.044	0.189	0.098	0.093	0.116	0.267	0.197	0.05	0.072	0.252	0.134	0.05	0.116	0.052	0.202	0.121	0.175	0.227	0.318	0.131	0.043	0.158	0.192	0.762
TCGA.55.1595.01A.01R.0946.07	0	0.085	0.177	0.099	0.091	0.104	0.338	0.176	0.018	0.16	0.304	0.105	0.056	0.046	0.055	0.15	0.099	0.117	0.216	0.245	0.117	0.057	0.209	0.181	0.667
TCGA.55.1596.01A.01R.0946.07	0	0.073	0.096	0.096	0.094	0.192	0.315	0.068	0	0.207	0.267	0.077	0.03	0.078	0.087	0.168	0.128	0.09	0.197	0.219	0.137	0.043	0.141	0.226	0.653
TCGA.55.5899.01A.11R.1628.07	0	0.103	0.226	0.096	0.076	0.128	0.33	0.165	0.109	0.073	0.253	0.111	0.011	0.015	0.123	0.199	0.122	0.113	0.262	0.346	0.131	0.056	0.158	0.17	0.751
TCGA.55.6543.01A.11R.1755.07	0	0.048	0.14	0.084	0.074	0.092	0.263	0.042	0.083	0.173	0.278	0.057	0.019	0.091	0.111	0.228	0.067	0.186	0.346	0.261	0.167	0.062	0.16	0.132	0.774
TCGA.55.6642.01A.11R.1858.07	0	0.055	0.253	0.111	0.16	0.166	0.324	0.164	0.086	0.132	0.267	0.145	0.005	0	0.05	0.155	0.146	0.111	0.197	0.348	0.108	0.062	0.173	0.227	0.733
TCGA.55.6712.01A.11R.1858.07	0	0.045	0.195	0.102	0.108	0.105	0.289	0.189	0.108	0.077	0.393	0.144	0.018	0.025	0.086	0.222	0.12	0.122	0.204	0.275	0.095	0.118	0.184	0.239	0.73
TCGA.55.6968.01A.11R.1949.07	0	0.067	0.279	0.128	0.117	0.131	0.29	0.242	0.035	0.042	0.306	0.116	0.001	0.021	0.089	0.196	0.14	0.142	0.256	0.319	0.125	0.065	0.177	0.206	0.781
TCGA.55.6968.11A.01R.1949.07	0	0	0.168	0.05	0.081	0.007	0.225	0.061	0.099	0.158	0.366	0.074	0.022	0.194	0.166	0.122	0.149	0.146	0.311	0.302	0.181	0.08	0.203	0.235	0.825
TCGA.55.6969.01A.11R.1949.07	0	0.097	0.232	0.116	0.117	0.094	0.286	0.188	0.136	0.062	0.395	0.148	0.005	0	0.045	0.222	0.14	0.113	0.22	0.332	0.098	0.085	0.18	0.232	0.769
TCGA.55.6969.11A.01R.1949.07	0	0.044	0.176	0.032	0.103	0.024	0.233	0.032	0.139	0.125	0.426	0.078	0.006	0.142	0.133	0.189	0.126	0.162	0.302	0.37	0.158	0.082	0.219	0.169	0.847
TCGA.55.6970.01A.11R.1949.07	0	0.047	0.148	0.09	0.107	0.131	0.314	0.187	0.071	0.155	0.377	0.141	0.012	0.07	0.089	0.183	0.118	0.106	0.246	0.32	0.11	0.051	0.133	0.169	0.693
TCGA.55.6970.11A.01R.1949.07	0	0	0.218	0.067	0.083	0.017	0.271	0.134	0.089	0.103	0.466	0.082	0.014	0.172	0.14	0.189	0.087	0.092	0.275	0.388	0.151	0.105	0.223	0.186	0.795
TCGA.55.6971.01A.11R.1949.07	0	0.014	0.226	0.14	0.151	0.123	0.342	0.186	0.087	0.104	0.398	0.116	0	0.019	0.117	0.183	0.112	0.105	0.27	0.344	0.08	0.049	0.193	0.228	0.758
TCGA.55.6971.11A.01R.1949.07	0	0.005	0.197	0.04	0.045	0.023	0.238	0.05	0.127	0.173	0.361	0.046	0.006	0.193	0.153	0.204	0.063	0.167	0.332	0.388	0.177	0.063	0.188	0.158	0.839
TCGA.55.6972.01A.11R.1949.07	0	0.102	0.133	0.058	0	0.08	0.142	0.049	0.075	0.199	0.23	0.005	0.025	0	0.132	0.054	0.152	0.066	0	0.272	0.203	0.114	0.105	0.22	0.536
TCGA.55.6972.11A.01R.1949.07	0	0	0.255	0.065	0.025	0	0.197	0.146	0.102	0.131	0.449	0.04	0.032	0.153	0.156	0.16	0.063	0.119	0.268	0.442	0.152	0.141	0.202	0.182	0.794
TCGA.55.6975.01A.11R.1949.07	0	0.076	0.105	0.073	0.111	0.113	0.299	0.011	0.103	0.17	0.328	0.14	0.019	0.077	0.11	0.148	0.132	0.127	0.169	0.22	0.107	0.041	0.142	0.172	0.609
TCGA.55.6975.11A.01R.1949.07	0	0.029	0.237	0.039	0.105	0.015	0.209	0.038	0.136	0.174	0.428	0.056	0.003	0.116	0.13	0.111	0.074	0.136	0.268	0.408	0.197	0.108	0.181	0.157	0.766
TCGA.55.6978.01A.11R.1949.07	0	0.035	0.266	0.134	0.081	0.136	0.365	0.219	0.085	0.036	0.357	0.127	0	0.085	0.063	0.216	0.089	0.147	0.264	0.334	0.074	0.081	0.176	0.216	0.758
TCGA.55.6978.11A.01R.1949.07	0	0.006	0.258	0.027	0.039	0.001	0.201	0.109	0.107	0.148	0.425	0.073	0.019	0.187	0.164	0.142	0.063	0.121	0.26	0.407	0.195	0.115	0.2	0.165	0.777
TCGA.55.6979.01A.11R.1949.07	0	0.055	0.216	0.15	0.088	0.121	0.278	0.197	0.071	0.098	0.351	0.104	0.015	0.081	0.117	0.189	0.142	0.138	0.3	0.314	0.073	0.033	0.191	0.225	0.787
TCGA.55.6979.11A.01R.1949.07	0	0.038	0.229	0.086	0.082	0.023	0.298	0.137	0.079	0.122	0.457	0.044	0.018	0.134	0.141	0.239	0.084	0.111	0.333	0.375	0.136	0.072	0.175	0.158	0.806
TCGA.55.6980.01A.11R.1949.07	0	0.097	0.185	0.055	0.092	0.086	0.283	0.122	0.126	0.119	0.427	0.068	0.029	0.085	0.065	0.201	0.086	0.126	0.23	0.299	0.122	0.043	0.241	0.212	0.759
TCGA.55.6980.11A.01R.1949.07	0	0.03	0.205	0.049	0.064	0.013	0.312	0.136	0.091	0.128	0.39	0.045	0.043	0.177	0.134	0.141	0.081	0.114	0.248	0.35	0.16	0.096	0.214	0.191	0.75
TCGA.55.6981.01A.11R.1949.07	0.002	0.086	0.001	0.083	0.091	0.114	0.252	0.024	0.033	0.178	0.268	0.097	0.027	0.125	0.124	0.216	0.157	0.198	0.182	0.158	0.113	0.017	0.19	0.128	0.671
TCGA.55.6981.11A.01R.1949.07	0	0.038	0.163	0.017	0.065	0.022	0.232	0.037	0.123	0.154	0.419	0.027	0	0.19	0.159	0.181	0.05	0.159	0.284	0.4	0.177	0.078	0.223	0.142	0.809
TCGA.55.6982.01A.11R.1949.07	0	0.08	0.155	0.123	0.086	0.126	0.284	0.18	0.148	0.154	0.223	0.114	0.031	0.014	0.093	0.266	0.12	0.162	0.295	0.327	0.108	0	0.122	0.14	0.771
TCGA.55.6982.11A.01R.1949.07	0	0.011	0.235	0.062	0.07	0.006	0.269	0.17	0.111	0.116	0.418	0.094	0.028	0.123	0.146	0.17	0.082	0.111	0.271	0.356	0.151	0.085	0.217	0.196	0.777
TCGA.55.6983.01A.11R.1949.07	0	0.042	0.191	0.072	0.082	0.092	0.263	0.084	0.15	0.165	0.455	0.177	0	0.05	0.093	0.169	0.163	0.072	0.152	0.349	0.052	0.076	0.222	0.238	0.709
TCGA.55.6983.11A.01R.1949.07	0	0.03	0.175	0.071	0.06	0.038	0.283	0.11	0.113	0.154	0.39	0.011	0.013	0.189	0.147	0.225	0.065	0.145	0.313	0.378	0.159	0.067	0.168	0.166	0.811
TCGA.55.6984.01A.11R.1949.07	0	0.034	0.153	0.037	0.109	0.194	0.253	0.073	0.101	0.174	0.355	0.14	0.045	0.02	0.132	0.103	0.154	0.134	0.051	0.304	0.153	0	0.203	0.249	0.675
TCGA.55.6984.11A.01R.1949.07	0	0.029	0.131	0.061	0.028	0.001	0.21	0.109	0.134	0.173	0.395	0.01	0.061	0.189	0.172	0.231	0.068	0.14	0.298	0.342	0.176	0.058	0.178	0.151	0.793
TCGA.55.6985.01A.11R.1949.07	0	0.057	0.223	0.122	0.1	0.092	0.333	0.188	0.118	0.11	0.427	0.125	0	0.032	0.034	0.132	0.095	0.113	0.201	0.354	0.103	0.066	0.209	0.212	0.709
TCGA.55.6985.11A.01R.1949.07	0	0.034	0.223	0.059	0.058	0	0.239	0.11	0.117	0.12	0.41	0.071	0.019	0.178	0.149	0.191	0.1	0.127	0.297	0.418	0.165	0.06	0.21	0.161	0.835
TCGA.55.6986.01A.11R.1949.07	0.016	0.049	0.145	0.031	0.092	0.078	0.238	0.062	0.152	0.158	0.382	0.099	0.008	0.055	0.112	0.238	0.11	0.125	0.264	0.232	0.135	0.062	0.183	0.193	0.74
TCGA.55.6986.11A.01R.1949.07	0	0.024	0.178	0.053	0.017	0.003	0.16	0.091	0.117	0.164	0.416	0.077	0.026	0.18	0.129	0.156	0.076	0.088	0.246	0.39	0.169	0.111	0.224	0.158	0.755
TCGA.55.6987.01A.11R.1949.07	0	0.021	0.277	0.14	0.109	0.111	0.327	0.174	0.067	0.052	0.415	0.11	0	0.104	0.081	0.155	0.126	0.121	0.249	0.383	0.118	0.1	0.15	0.282	0.793
TCGA.55.7227.01A.11R.2039.07	0	0.082	0.185	0.069	0.104	0.087	0.317	0.128	0.109	0.141	0.342	0.129	0.032	0.093	0.092	0.25	0.078	0.111	0.262	0.295	0.102	0.052	0.203	0.208	0.755
TCGA.55.7281.01A.11R.2039.07	0	0.063	0.203	0.088	0.068	0.074	0.251	0.117	0.065	0.159	0.371	0.069	0.01	0.092	0.078	0.292	0.107	0.183	0.305	0.276	0.136	0.038	0.18	0.188	0.834
TCGA.55.7283.01A.11R.2039.07	0	0.049	0.196	0.094	0.045	0.088	0.237	0.155	0.108	0.151	0.391	0.086	0.048	0.092	0.055	0.228	0.068	0.063	0.239	0.32	0.161	0.091	0.137	0.202	0.709
TCGA.55.7284.01B.11R.2241.07	0	0.054	0.171	0.046	0.061	0.084	0.265	0.065	0.12	0.165	0.327	0.084	0.035	0.143	0.127	0.184	0.083	0.158	0.255	0.327	0.122	0.058	0.194	0.182	0.752
TCGA.55.7570.01A.11R.2039.07	0	0.116	0.141	0.09	0.087	0.137	0.27	0.184	0.128	0.095	0.232	0.001	0.068	0.047	0.055	0.132	0.098	0.092	0.109	0.277	0.148	0.095	0.074	0.212	0.571
TCGA.55.7573.01A.11R.2039.07	0	0.09	0.145	0.074	0.101	0.085	0.287	0.166	0.113	0.151	0.388	0.115	0.023	0.067	0.074	0.157	0.154	0.08	0.152	0.301	0.086	0.039	0.264	0.204	0.699
TCGA.55.7574.01A.11R.2039.07	0	0.034	0.21	0.073	0.133	0.132	0.286	0.106	0.089	0.162	0.468	0.113	0	0.065	0.097	0.116	0.147	0.085	0.143	0.327	0.056	0.1	0.26	0.259	0.697
TCGA.55.7576.01A.11R.2066.07	0	0.078	0.135	0.049	0.103	0.112	0.314	0.065	0.123	0.146	0.286	0.115	0.027	0.091	0.048	0.238	0.123	0.137	0.267	0.247	0.138	0.066	0.127	0.178	0.727
TCGA.55.7724.01A.11R.2170.07	0	0.09	0.225	0.059	0.01	0.073	0.294	0.125	0.151	0.114	0.284	0.135	0	0.126	0.14	0.23	0.119	0.086	0.283	0.329	0.127	0.042	0.141	0.167	0.741
TCGA.55.7725.01A.11R.2170.07	0.002	0.096	0.188	0.108	0	0.083	0.325	0.196	0.133	0.159	0.325	0.119	0.018	0	0.088	0.209	0.123	0.095	0.221	0.277	0.087	0.042	0.199	0.162	0.687
TCGA.55.7726.01A.11R.2170.07	0	0.139	0.117	0.079	0.124	0.158	0.35	0.106	0.027	0.114	0.088	0.074	0.015	0.094	0.029	0.267	0.111	0.196	0.26	0.167	0.146	0.022	0.087	0.112	0.673
TCGA.55.7727.01A.11R.2170.07	0	0.084	0.183	0.089	0.077	0.141	0.344	0.184	0.062	0.166	0.249	0.149	0.055	0	0.049	0.192	0.168	0.045	0.194	0.253	0.121	0.003	0.221	0.149	0.672
TCGA.55.7728.01A.11R.2187.07	0	0.001	0.216	0.089	0.086	0.105	0.262	0.107	0.092	0.088	0.404	0.059	0	0.111	0.144	0.233	0.127	0.166	0.381	0.312	0.09	0.039	0.232	0.246	0.894
TCGA.55.7815.01A.11R.2170.07	0	0.058	0.143	0.048	0.017	0.155	0.323	0.186	0.041	0.2	0.241	0.173	0.025	0	0.196	0.291	0.104	0.088	0.259	0.209	0.117	0	0.195	0.137	0.7
TCGA.55.7816.01A.11R.2170.07	0	0.035	0.18	0.111	0.071	0.088	0.307	0.189	0.086	0.14	0.273	0.076	0.026	0.064	0.064	0.213	0.053	0.191	0.353	0.287	0.126	0.087	0.213	0.18	0.808
TCGA.55.7903.01A.11R.2170.07	0	0.043	0.233	0.128	0.055	0.086	0.272	0.226	0.061	0.122	0.318	0.083	0.07	0.006	0.019	0.162	0.091	0.1	0.22	0.312	0.154	0.099	0.187	0.217	0.722
TCGA.55.7907.01A.11R.2170.07	0	0.068	0.224	0.12	0.115	0.102	0.295	0.194	0.033	0.055	0.38	0.106	0.028	0.029	0.095	0.163	0.092	0.15	0.251	0.299	0.094	0.046	0.194	0.224	0.733
TCGA.55.7910.01A.11R.2170.07	0	0.068	0.115	0.075	0.12	0.206	0.224	0.055	0.053	0.24	0.334	0.106	0.011	0.043	0.054	0.107	0.145	0.17	0.124	0.177	0.167	0.043	0.182	0.207	0.64
TCGA.55.7911.01A.11R.2170.07	0	0.017	0.247	0.149	0.075	0.078	0.339	0.203	0.059	0.136	0.399	0.137	0.051	0	0.062	0.17	0.114	0.08	0.238	0.311	0.098	0.061	0.188	0.222	0.711
TCGA.55.7913.01B.11R.2241.07	0	0.053	0.099	0.092	0.062	0.248	0.279	0.178	0	0.171	0.252	0.09	0.06	0.025	0.025	0.16	0.083	0.169	0.17	0.147	0.213	0.016	0.119	0.22	0.641
TCGA.55.7914.01A.11R.2170.07	0.002	0.091	0.166	0.1	0.125	0.08	0.22	0.2	0.071	0.11	0.332	0.114	0.094	0	0.089	0.121	0.127	0.092	0.142	0.263	0.129	0.063	0.191	0.221	0.644
TCGA.55.7994.01A.11R.2187.07	0	0	0.285	0.136	0.081	0.118	0.347	0.208	0.089	0.119	0.306	0.111	0.013	0	0.034	0.247	0.106	0.105	0.26	0.334	0.114	0.093	0.186	0.244	0.798
TCGA.55.7995.01A.11R.2187.07	0	0	0.254	0.143	0.075	0.098	0.325	0.21	0.11	0.065	0.365	0.121	0.005	0.047	0.074	0.117	0.167	0.156	0.257	0.372	0.12	0.041	0.148	0.258	0.798
TCGA.55.8085.01A.11R.2241.07	0	0.057	0.211	0.135	0.073	0.105	0.346	0.23	0.071	0.133	0.361	0.098	0.04	0	0.083	0.18	0.113	0.118	0.208	0.339	0.085	0.05	0.192	0.234	0.735
TCGA.55.8087.01A.11R.2241.07	0.031	0.081	0.065	0.039	0.097	0.066	0.208	0.028	0.17	0.238	0.254	0.05	0.044	0.077	0.131	0.251	0.097	0.16	0.222	0.217	0.168	0.008	0.21	0.122	0.725
TCGA.55.8089.01A.11R.2241.07	0	0.015	0.276	0.156	0.072	0.104	0.353	0.204	0.087	0.084	0.357	0.112	0.021	0.035	0.087	0.198	0.093	0.123	0.285	0.4	0.089	0.092	0.112	0.255	0.777
TCGA.55.8090.01A.11R.2241.07	0	0.081	0.109	0.075	0.091	0.137	0.258	0.106	0.124	0.105	0.329	0.1	0.029	0.076	0.07	0.208	0.089	0.177	0.249	0.263	0.129	0.029	0.226	0.147	0.744
TCGA.55.8091.01A.11R.2241.07	0	0.056	0.2	0.099	0.081	0.102	0.302	0.186	0.051	0.118	0.322	0.112	0.024	0.072	0.096	0.2	0.068	0.173	0.281	0.319	0.103	0.034	0.227	0.156	0.763
TCGA.55.8092.01A.11R.2241.07	0	0.032	0.247	0.143	0.128	0.097	0.326	0.208	0.077	0.114	0.388	0.137	0.041	0	0.047	0.09	0.158	0.137	0.164	0.363	0.083	0.043	0.172	0.265	0.716
TCGA.55.8094.01A.11R.2241.07	0	0.024	0.124	0.012	0.01	0.209	0.26	0	0.08	0.225	0.065	0.061	0.067	0	0.117	0.168	0.057	0.25	0.092	0.199	0.23	0	0.153	0.176	0.663
TCGA.55.8096.01A.11R.2241.07	0	0.084	0.145	0.085	0.109	0.095	0.271	0.065	0.152	0.116	0.295	0.066	0	0.138	0.105	0.216	0.122	0.171	0.302	0.247	0.128	0.029	0.18	0.19	0.778
TCGA.55.8097.01A.11R.2241.07	0.016	0.106	0.117	0.03	0.109	0.041	0.262	0.051	0.167	0.175	0.406	0.086	0.007	0.068	0.076	0.202	0.125	0.106	0.158	0.262	0.127	0.071	0.238	0.198	0.708
TCGA.55.8203.01A.11R.2241.07	0	0.058	0.181	0.099	0.124	0.11	0.314	0.228	0.131	0.147	0.366	0.143	0.033	0	0.059	0.154	0.157	0.13	0.155	0.339	0.102	0.037	0.173	0.233	0.721
TCGA.55.8204.01A.11R.2241.07	0	0.095	0.178	0.07	0.109	0.086	0.293	0.138	0.117	0.14	0.186	0.107	0.036	0.108	0.066	0.164	0.126	0.118	0.131	0.289	0.154	0.056	0.163	0.209	0.678
TCGA.55.8205.01A.11R.2241.07	0	0.041	0.247	0.128	0.08	0.116	0.301	0.212	0.093	0.052	0.349	0.092	0.01	0.099	0.086	0.232	0.125	0.14	0.334	0.3	0.1	0.059	0.158	0.216	0.803
TCGA.55.8206.01A.11R.2241.07	0	0.057	0.132	0.034	0.131	0.075	0.331	0.005	0.044	0.17	0.366	0.07	0	0.165	0.146	0.193	0.134	0.177	0.267	0.239	0.184	0.077	0.201	0.176	0.786
TCGA.55.8207.01A.11R.2241.07	0	0.058	0.204	0.03	0.098	0.072	0.238	0.081	0.135	0.139	0.421	0.082	0.001	0.101	0.091	0.24	0.063	0.156	0.301	0.318	0.113	0.056	0.231	0.171	0.796
TCGA.55.8208.01A.11R.2241.07	0	0.044	0.235	0.127	0.123	0.063	0.298	0.219	0.071	0.06	0.357	0.107	0	0.134	0.088	0.223	0.166	0.132	0.314	0.347	0.098	0.035	0.186	0.22	0.844
TCGA.55.8299.01A.11R.2287.07	0	0.03	0.269	0.132	0.051	0.084	0.36	0.2	0.106	0.156	0.367	0.094	0	0.056	0.089	0.189	0.086	0.125	0.258	0.419	0.088	0.062	0.193	0.206	0.783
TCGA.55.8301.01A.11R.2287.07	0	0.066	0.261	0.131	0.136	0.087	0.284	0.225	0.124	0.05	0.357	0.12	0.026	0	0.061	0.181	0.157	0.095	0.251	0.328	0.062	0.071	0.203	0.281	0.779
TCGA.55.8302.01A.11R.2326.07	0	0.048	0.189	0.117	0.068	0.116	0.226	0.257	0.068	0.144	0.281	0.038	0.078	0.097	0.048	0.176	0.106	0.172	0.255	0.329	0.121	0.029	0.151	0.165	0.739
TCGA.55.8505.01A.11R.2403.07	0	0.035	0.079	0.061	0.104	0.128	0.256	0.018	0.038	0.243	0.167	0.077	0.045	0.097	0.13	0.129	0.119	0.219	0.202	0.183	0.184	0.035	0.148	0.117	0.651
TCGA.55.8506.01A.11R.2403.07	0	0.043	0.183	0.132	0.033	0.138	0.307	0.169	0.108	0.185	0.237	0.027	0.05	0.038	0.048	0.229	0.08	0.193	0.297	0.239	0.154	0.023	0.13	0.165	0.744
TCGA.55.8507.01A.11R.2403.07	0.018	0.09	0.136	0.064	0.058	0.149	0.251	0.061	0.003	0.215	0.221	0.021	0.027	0.041	0.053	0.197	0.096	0.188	0.251	0.308	0.19	0.028	0.164	0.169	0.781
TCGA.55.8508.01A.11R.2403.07	0	0.04	0.195	0.076	0.136	0.143	0.321	0.078	0.029	0.185	0.306	0.11	0.003	0.076	0.048	0.122	0.177	0.178	0.131	0.33	0.152	0.032	0.175	0.214	0.741
TCGA.55.8510.01A.11R.2403.07	0	0.053	0.189	0.119	0.071	0.057	0.256	0.198	0.098	0.123	0.359	0.074	0.024	0.122	0.1	0.22	0.125	0.141	0.298	0.359	0.123	0.032	0.194	0.209	0.834
TCGA.55.8511.01A.11R.2403.07	0	0.068	0.194	0.097	0.119	0.105	0.352	0.168	0.07	0.103	0.397	0.136	0.025	0	0	0.155	0.126	0.151	0.207	0.328	0.089	0.065	0.214	0.21	0.74
TCGA.55.8512.01A.11R.2403.07	0.015	0.085	0.203	0.064	0.028	0.048	0.187	0.087	0.002	0.215	0.353	0.062	0.002	0.109	0.093	0.097	0.024	0.142	0.156	0.383	0.21	0.041	0.243	0.137	0.696
TCGA.55.8513.01A.11R.2403.07	0	0.018	0.133	0.045	0.084	0.087	0.281	0.038	0.069	0.171	0.333	0.093	0.008	0.128	0.135	0.248	0.12	0.115	0.338	0.282	0.137	0.048	0.234	0.174	0.824
TCGA.55.8514.01A.11R.2403.07	0.009	0.03	0.121	0.065	0.083	0.05	0.172	0.067	0.025	0.244	0.312	0.046	0.04	0.058	0.043	0.182	0.109	0.177	0.315	0.22	0.153	0.064	0.166	0.168	0.746
TCGA.55.8614.01A.11R.2403.07	0	0.14	0.113	0.025	0.094	0.081	0.3	0.069	0.195	0.15	0.356	0.077	0	0.086	0.073	0.129	0.095	0.107	0.158	0.274	0.135	0.044	0.209	0.167	0.637
TCGA.55.8615.01A.11R.2403.07	0	0.027	0.087	0.037	0.088	0.213	0.219	0.048	0.06	0.211	0.238	0.047	0.027	0.021	0.106	0.212	0.05	0.177	0.208	0.168	0.21	0	0.184	0.218	0.714
TCGA.55.8616.01A.11R.2403.07	0.019	0.077	0.105	0.039	0.079	0.064	0.191	0.088	0.173	0.131	0.386	0.155	0.018	0.098	0	0.063	0.157	0.106	0.108	0.294	0.124	0.051	0.226	0.237	0.657
TCGA.55.8619.01A.11R.2403.07	0	0.038	0.214	0.073	0.103	0.108	0.279	0.105	0.078	0.116	0.387	0.085	0	0.168	0.139	0.18	0.153	0.121	0.289	0.319	0.128	0.053	0.2	0.254	0.823
TCGA.55.8620.01A.11R.2403.07	0	0.08	0.179	0.107	0.115	0.148	0.297	0.215	0.098	0.066	0.288	0.115	0.032	0	0.006	0.179	0.176	0.113	0.194	0.345	0.126	0.086	0.192	0.235	0.78
TCGA.55.8621.01A.11R.2403.07	0	0.05	0.217	0.085	0.072	0.065	0.303	0.152	0.095	0.111	0.335	0.049	0.007	0.17	0.175	0.207	0.091	0.142	0.283	0.344	0.114	0.076	0.2	0.219	0.801
TCGA.55.A48X.01A.11R.A24H.07	0	0.072	0.193	0.075	0.101	0.074	0.33	0.125	0.104	0.159	0.416	0.148	0	0.032	0.071	0.105	0.213	0.08	0.118	0.319	0.076	0.051	0.259	0.222	0.696
TCGA.55.A48Y.01A.11R.A24H.07	0	0.036	0.18	0.097	0.121	0.122	0.295	0.113	0.102	0.173	0.279	0.129	0	0.025	0.093	0.198	0.151	0.152	0.18	0.283	0.128	0.04	0.145	0.151	0.694
TCGA.55.A48Z.01A.12R.A24X.07	0	0.038	0.195	0.119	0.111	0.082	0.239	0.16	0.11	0.126	0.31	0.094	0.037	0.083	0.058	0.214	0.125	0.154	0.226	0.309	0.101	0.034	0.195	0.214	0.77
TCGA.55.A490.01A.11R.A466.07	0	0.038	0.176	0.061	0.135	0.138	0.314	0.117	0.056	0.208	0.182	0.035	0.007	0.037	0.013	0.305	0.084	0.211	0.307	0.184	0.157	0.022	0.201	0.167	0.808
TCGA.55.A491.01A.11R.A24H.07	0	0.026	0.257	0.092	0.119	0.063	0.245	0.12	0.181	0.094	0.312	0.088	0.009	0.015	0.085	0.165	0.176	0.188	0.318	0.257	0.105	0.076	0.179	0.187	0.788
TCGA.55.A492.01A.11R.A24H.07	0	0.055	0.125	0.098	0.006	0.056	0.146	0.103	0.106	0.176	0.314	0.021	0.036	0.117	0.142	0.164	0.09	0.092	0.108	0.388	0.142	0.148	0.202	0.218	0.702
TCGA.55.A493.01A.11R.A24H.07	0	0.042	0.306	0.136	0.1	0.102	0.339	0.204	0.073	0.106	0.345	0.114	0.018	0	0.051	0.199	0.119	0.163	0.232	0.324	0.102	0.058	0.193	0.201	0.767
TCGA.55.A494.01A.11R.A24X.07	0	0.082	0.063	0.093	0.046	0.145	0.147	0	0	0.236	0.185	0.035	0.027	0	0.029	0.132	0.077	0.177	0.039	0.105	0.225	0	0.145	0.199	0.549
TCGA.55.A4DF.01A.11R.A24H.07	0	0.042	0.232	0.107	0.084	0.118	0.298	0.241	0.13	0.069	0.369	0.117	0.025	0.013	0.113	0.242	0.129	0.137	0.208	0.368	0.098	0.047	0.159	0.188	0.764
TCGA.55.A4DG.01A.11R.A24H.07	0.012	0.076	0.163	0.052	0.112	0.057	0.234	0.081	0.109	0.185	0.422	0.129	0.016	0.051	0.075	0.101	0.152	0.084	0.135	0.329	0.106	0.062	0.264	0.21	0.691
TCGA.55.A57B.01A.12R.A39D.07	0	0.1	0.118	0.017	0.089	0.108	0.309	0.06	0.109	0.173	0.369	0.064	0	0.15	0.098	0.197	0.075	0.115	0.209	0.296	0.127	0.055	0.271	0.163	0.727
TCGA.62.8394.01A.11R.2326.07	0	0.079	0.111	0.047	0.07	0.086	0.255	0.134	0.074	0.189	0.345	0.079	0.051	0.078	0.102	0.171	0.113	0.129	0.218	0.261	0.125	0.036	0.181	0.184	0.691
TCGA.62.8395.01A.11R.2326.07	0	0.034	0.123	0.041	0.093	0.086	0.24	0.033	0.108	0.227	0.355	0.09	0.015	0.096	0.124	0.15	0.12	0.122	0.212	0.245	0.118	0.072	0.241	0.15	0.68
TCGA.62.8397.01A.11R.2326.07	0	0.068	0.088	0.059	0.135	0.075	0.289	0	0.104	0.184	0.246	0.029	0.066	0.088	0.116	0.247	0.082	0.166	0.243	0.221	0.192	0.012	0.228	0.123	0.752
TCGA.62.8398.01A.11R.2326.07	0	0.065	0.11	0.094	0.099	0.17	0.331	0.117	0.012	0.18	0.318	0.118	0.019	0.044	0.138	0.192	0.062	0.181	0.228	0.222	0.149	0.005	0.177	0.186	0.699
TCGA.62.8399.01A.21R.2326.07	0	0.104	0.156	0.045	0.113	0.135	0.299	0.042	0.016	0.089	0.35	0.102	0	0.098	0.038	0.123	0.088	0.159	0.213	0.391	0.179	0.07	0.125	0.181	0.729
TCGA.62.8402.01A.11R.2326.07	0	0.002	0.229	0.115	0.092	0.123	0.316	0.247	0.045	0.075	0.357	0.139	0.037	0.004	0.051	0.2	0.09	0.158	0.214	0.341	0.156	0.104	0.172	0.219	0.775
TCGA.62.A46O.01A.11R.A24H.07	0	0.048	0.025	0.049	0	0.179	0.283	0.113	0	0.212	0.116	0	0.068	0.02	0.049	0.115	0.173	0.141	0.05	0.179	0.216	0.071	0.104	0.137	0.558
TCGA.62.A46P.01A.11R.A24H.07	0	0.106	0.175	0.06	0.075	0.074	0.159	0.067	0.058	0.239	0.27	0.031	0.081	0	0.118	0.152	0.072	0.176	0.185	0.307	0.152	0.084	0.177	0.162	0.692
TCGA.62.A46R.01A.11R.A24H.07	0	0.115	0.154	0.045	0.139	0.128	0.331	0.065	0.012	0.12	0.322	0.129	0.053	0	0.031	0.238	0.109	0.158	0.239	0.225	0.158	0.039	0.247	0.224	0.799
TCGA.62.A46S.01A.11R.A24H.07	0	0.067	0.181	0.048	0.08	0.158	0.283	0.116	0.097	0.16	0.405	0.087	0.008	0.048	0.139	0.152	0.064	0.138	0.247	0.32	0.136	0.041	0.214	0.209	0.74
TCGA.62.A46U.01A.11R.A24H.07	0	0	0.237	0.141	0.082	0.117	0.322	0.204	0.037	0.091	0.358	0.09	0.024	0.034	0.138	0.304	0.121	0.13	0.28	0.356	0.11	0.058	0.2	0.187	0.844
TCGA.62.A46V.01A.11R.A24H.07	0	0.098	0.071	0.083	0.106	0.071	0.235	0.044	0.016	0.18	0.194	0.042	0.054	0.09	0.098	0.271	0.067	0.158	0.257	0.212	0.133	0.022	0.262	0.109	0.735
TCGA.62.A46Y.01A.11R.A24H.07	0	0.058	0.177	0.101	0.077	0.046	0.271	0.16	0.114	0.136	0.348	0.074	0.052	0.071	0.098	0.207	0.09	0.145	0.285	0.295	0.132	0.05	0.252	0.188	0.797
TCGA.62.A470.01A.11R.A24H.07	0	0.083	0.117	0.04	0.096	0.143	0.246	0.095	0.038	0.183	0.213	0.002	0.043	0.035	0.145	0.287	0.092	0.226	0.312	0.304	0.159	0	0.13	0.099	0.805
TCGA.62.A471.01A.12R.A24H.07	0	0.027	0.178	0.111	0.005	0.135	0.26	0.224	0.091	0.197	0.27	0.014	0.086	0	0.152	0.06	0.098	0.118	0.066	0.353	0.174	0.061	0.113	0.227	0.605
TCGA.62.A472.01A.11R.A24H.07	0	0.075	0.185	0.128	0.051	0.086	0.243	0.209	0.067	0.1	0.356	0.067	0.076	0.039	0.081	0.197	0.074	0.109	0.201	0.278	0.124	0.078	0.23	0.206	0.709
TCGA.64.1676.01A.01R.0946.07	0	0.043	0.191	0.139	0.06	0.127	0.28	0.151	0	0.159	0.301	0	0.082	0.032	0.146	0.245	0.079	0.199	0.362	0.23	0.116	0.087	0.109	0.236	0.788
TCGA.64.1677.01A.01R.0946.07	0.007	0.055	0.215	0.161	0.08	0.138	0.234	0.213	0.072	0.104	0.342	0.141	0.077	0.008	0.048	0.122	0.153	0.105	0.085	0.337	0.088	0.04	0.187	0.239	0.658
TCGA.64.1678.01A.01R.0946.07	0	0.079	0.107	0.083	0.022	0.145	0.262	0.087	0.055	0.187	0.18	0.028	0.103	0.062	0.085	0.106	0.128	0.126	0.056	0.234	0.162	0.062	0.062	0.229	0.551
TCGA.64.1679.01A.21R.2066.07	0	0.079	0.106	0.063	0.126	0.096	0.26	0.016	0.101	0.177	0.128	0.045	0	0.126	0.033	0.248	0.114	0.232	0.35	0.061	0.16	0	0.15	0.114	0.715
TCGA.64.1680.01A.02R.0946.07	0.028	0.044	0.133	0.065	0.062	0.076	0.169	0.082	0.088	0.224	0.308	0.089	0.067	0	0.093	0.121	0.079	0.084	0.168	0.22	0.157	0.078	0.187	0.178	0.597
TCGA.64.1681.01A.11R.2066.07	0	0.105	0.101	0.038	0.092	0.077	0.146	0.051	0.168	0.19	0.33	0.097	0	0.114	0.137	0.221	0.113	0.1	0.216	0.163	0.119	0.063	0.224	0.19	0.673
TCGA.64.5774.01A.01R.1628.07	0	0.042	0.099	0.071	0.121	0.201	0.224	0.097	0	0.194	0.271	0.112	0.062	0	0.095	0.09	0.124	0.122	0.092	0.193	0.201	0.005	0.161	0.252	0.618
TCGA.64.5775.01A.01R.1628.07	0	0.048	0.218	0.019	0.111	0.144	0.314	0.164	0	0.103	0	0	0	0.081	0.085	0.298	0.07	0.237	0.36	0.154	0.189	0.045	0	0.116	0.712
TCGA.64.5778.01A.01R.1628.07	0	0.051	0.221	0.148	0.059	0.13	0.29	0.201	0.087	0.126	0.44	0.1	0.038	0	0.037	0.157	0.146	0.018	0.215	0.325	0.035	0.095	0.194	0.332	0.711
TCGA.64.5779.01A.01R.1628.07	0	0.087	0.211	0.019	0.179	0.117	0.328	0.073	0.101	0.149	0.417	0.171	0	0	0.096	0.049	0.17	0.089	0	0.237	0.098	0.065	0.256	0.237	0.568
TCGA.64.5781.01A.01R.1628.07	0	0.018	0.277	0.161	0.034	0.152	0.23	0.204	0.124	0.088	0.459	0.119	0.037	0	0.09	0.115	0.092	0.105	0.106	0.424	0.074	0.084	0.091	0.322	0.665
TCGA.64.5815.01A.01R.1628.07	0	0.054	0.13	0.037	0.106	0.104	0.295	0	0.114	0.17	0.312	0.112	0.007	0.118	0.136	0.309	0.1	0.188	0.303	0.227	0.111	0.032	0.189	0.176	0.801
TCGA.67.3770.01A.01R.0946.07	0	0.041	0.129	0.07	0.085	0.138	0.281	0.124	0.097	0.142	0.404	0.074	0.059	0.04	0.148	0.269	0.063	0.064	0.283	0.292	0.09	0.072	0.188	0.223	0.736
TCGA.67.3771.01A.01R.0946.07	0	0.045	0.172	0.1	0.079	0.085	0.326	0.184	0.091	0.112	0.358	0.088	0.017	0.092	0.112	0.159	0.119	0.132	0.239	0.354	0.088	0.064	0.161	0.234	0.743
TCGA.67.3772.01A.01R.0946.07	0	0.054	0.132	0.092	0.099	0.116	0.225	0.016	0.148	0.159	0.385	0.131	0.023	0.055	0.148	0.283	0.096	0.113	0.228	0.279	0.095	0.07	0.157	0.24	0.746
TCGA.67.3773.01A.01R.0946.07	0	0.079	0.145	0.07	0.079	0.124	0.287	0.099	0.09	0.162	0.419	0.047	0.063	0.064	0.133	0.245	0.076	0.05	0.257	0.292	0.077	0.084	0.207	0.249	0.727
TCGA.67.3774.01A.01R.0946.07	0	0.023	0.222	0.052	0.092	0.101	0.282	0.102	0.103	0.183	0.453	0.105	0.004	0.059	0.128	0.17	0.076	0.14	0.21	0.335	0.09	0.048	0.24	0.205	0.734
TCGA.67.4679.01B.01R.1755.07	0	0.053	0.123	0.033	0.095	0.076	0.25	0	0.129	0.179	0.381	0.068	0	0.122	0.128	0.204	0.084	0.158	0.235	0.279	0.162	0.106	0.246	0.198	0.784
TCGA.67.6215.01A.11R.1755.07	0	0.066	0.095	0.043	0.102	0.128	0.263	0.079	0.126	0.221	0.191	0.024	0.049	0.03	0.114	0.277	0.088	0.189	0.312	0.167	0.186	0.025	0.191	0.102	0.757
TCGA.67.6216.01A.11R.1755.07	0	0.059	0.193	0.067	0.086	0.082	0.307	0.081	0.12	0.175	0.377	0.092	0.031	0	0.065	0.193	0.112	0.188	0.272	0.284	0.103	0.039	0.238	0.189	0.79
TCGA.67.6217.01A.11R.1755.07	0	0.079	0.205	0.077	0.121	0.07	0.325	0.15	0.103	0.168	0.421	0.115	0.011	0.03	0.033	0.197	0.112	0.037	0.178	0.325	0.091	0.036	0.256	0.215	0.705
TCGA.69.7760.01A.11R.2170.07	0	0.098	0.018	0.06	0.131	0.117	0.178	0.013	0.033	0.149	0.077	0.057	0.01	0.095	0.112	0.278	0.1	0.15	0.157	0.038	0.201	0	0.184	0.06	0.584
TCGA.69.7761.01A.11R.2170.07	0	0.05	0.206	0.122	0.155	0.104	0.335	0.195	0.071	0.091	0.39	0.156	0.034	0.028	0.075	0.166	0.141	0.155	0.202	0.317	0.071	0.037	0.195	0.227	0.737
TCGA.69.7763.01A.11R.2170.07	0	0.08	0.137	0.024	0.101	0.078	0.215	0.083	0.129	0.192	0.382	0.112	0	0.107	0.105	0.163	0.101	0.13	0.218	0.296	0.127	0.053	0.185	0.17	0.695
TCGA.69.7764.01A.11R.2170.07	0	0.109	0.173	0.018	0.118	0.093	0.251	0.115	0.131	0.181	0.405	0.149	0.027	0.016	0.074	0.137	0.107	0.054	0.046	0.287	0.075	0.118	0.228	0.235	0.585
TCGA.69.7765.01A.11R.2170.07	0	0.075	0.227	0.093	0.107	0.08	0.264	0.145	0.105	0.183	0.306	0.13	0.019	0.076	0.079	0.22	0.099	0.096	0.212	0.325	0.117	0.033	0.218	0.149	0.719
TCGA.69.7973.01A.11R.2187.07	0	0.107	0.121	0.054	0.088	0.217	0.286	0.08	0.026	0.204	0.259	0.091	0.013	0.025	0.148	0.124	0.108	0.146	0.183	0.227	0.163	0.03	0.158	0.233	0.671
TCGA.69.7974.01A.11R.2187.07	0	0.033	0.224	0.104	0.07	0.119	0.316	0.178	0.041	0.116	0.332	0.07	0.03	0.078	0.068	0.24	0.114	0.147	0.333	0.297	0.122	0.078	0.175	0.165	0.797
TCGA.69.7978.01A.11R.2187.07	0	0.025	0.27	0.109	0.105	0.119	0.318	0.186	0.068	0.114	0.328	0.124	0.029	0.079	0.091	0.239	0.101	0.166	0.288	0.325	0.091	0.05	0.181	0.22	0.806
TCGA.69.7979.01A.11R.2187.07	0	0.045	0.092	0.107	0	0.131	0.245	0.068	0.089	0.224	0.163	0.011	0.038	0.067	0.046	0.159	0.108	0.2	0.234	0.249	0.179	0.066	0.095	0.169	0.697
TCGA.69.7980.01A.11R.2187.07	0	0.074	0.189	0.113	0.064	0.071	0.308	0.186	0.12	0.118	0.394	0.11	0.038	0.031	0.027	0.134	0.088	0.118	0.26	0.337	0.104	0.069	0.208	0.212	0.731
TCGA.69.8253.01A.11R.2287.07	0	0.038	0.189	0.035	0.072	0.104	0.243	0.062	0.152	0.227	0.352	0.112	0.034	0.068	0.134	0.187	0.101	0.13	0.131	0.318	0.145	0	0.191	0.156	0.68
TCGA.69.8254.01A.11R.2287.07	0	0.049	0.182	0.052	0.11	0.076	0.33	0.111	0.076	0.149	0.419	0.103	0.018	0.046	0.11	0.159	0.076	0.15	0.173	0.286	0.09	0.08	0.232	0.233	0.7
TCGA.69.8255.01A.11R.2287.07	0	0.038	0.234	0.16	0.084	0.07	0.277	0.232	0.049	0.037	0.382	0.078	0.017	0.09	0.086	0.091	0.116	0.126	0.232	0.315	0.116	0.169	0.155	0.246	0.699
TCGA.69.8453.01A.12R.2326.07	0	0.055	0.223	0.09	0.065	0.092	0.268	0.128	0.051	0.162	0.426	0.088	0.004	0.117	0.111	0.231	0.069	0.119	0.332	0.325	0.097	0.079	0.194	0.212	0.79
TCGA.69.A59K.01A.11R.A262.07	0	0.043	0.186	0.072	0.156	0.14	0.31	0.143	0.088	0.106	0.348	0.096	0.009	0.057	0.103	0.197	0.106	0.111	0.183	0.312	0.104	0.083	0.182	0.215	0.705
TCGA.71.6725.01A.11R.1858.07	0.032	0.063	0.013	0.045	0.061	0	0	0	0	0.205	0	0.034	0	0.063	0	0.236	0.175	0.232	0.337	0.1	0.257	0.045	0.027	0	0.682
TCGA.71.8520.01A.11R.2403.07	0	0.068	0.122	0.086	0.149	0.122	0.271	0.062	0.014	0.202	0.151	0.076	0.013	0.038	0.061	0.202	0.076	0.173	0.219	0.214	0.161	0.052	0.23	0.124	0.699
TCGA.73.4658.01A.01R.1755.07	0	0.036	0.165	0.092	0.086	0.093	0.295	0.137	0.083	0.159	0.396	0.099	0.012	0.089	0.126	0.26	0.062	0.142	0.333	0.333	0.087	0.079	0.174	0.18	0.786
TCGA.73.4659.01A.01R.1206.07	0	0.076	0.104	0.05	0.094	0.184	0.278	0.017	0.075	0.224	0.22	0.046	0	0.109	0.104	0.26	0.107	0.2	0.327	0.274	0.158	0.023	0.144	0.137	0.805
TCGA.73.4662.01A.01R.1206.07	0	0.061	0.153	0.057	0.127	0.114	0.317	0.112	0.081	0.153	0.457	0.124	0.007	0.072	0.052	0.196	0.116	0.106	0.196	0.253	0.114	0.08	0.214	0.233	0.714
TCGA.73.4666.01A.01R.1206.07	0	0	0.251	0.135	0.064	0.126	0.323	0.23	0.045	0.116	0.332	0.113	0.022	0.015	0.097	0.238	0.091	0.128	0.284	0.346	0.117	0.123	0.115	0.23	0.775
TCGA.73.4668.01A.01R.1206.07	0	0	0.14	0.027	0.086	0.151	0.234	0.076	0.115	0.217	0.185	0.089	0.033	0.104	0.093	0.184	0.1	0.202	0.18	0.274	0.184	0.015	0.138	0.167	0.715
TCGA.73.4670.01A.01R.1206.07	0	0.029	0.075	0.109	0.084	0.169	0.288	0.119	0	0.205	0.087	0.054	0.083	0.066	0.093	0.225	0.08	0.219	0.279	0.184	0.184	0.04	0.058	0.154	0.692
TCGA.73.4675.01A.01R.1206.07	0	0.084	0.102	0.056	0.104	0.084	0.238	0.01	0.109	0.206	0.158	0.056	0	0.063	0.136	0.317	0.062	0.204	0.254	0.233	0.157	0.043	0.19	0.144	0.781
TCGA.73.4676.01A.01R.1755.07	0	0.058	0.132	0.071	0.065	0.09	0.236	0.071	0.168	0.202	0.146	0.08	0	0.052	0.128	0.243	0.078	0.179	0.314	0.355	0.17	0.05	0.064	0.116	0.76
TCGA.73.4676.11A.01R.1755.07	0	0.012	0.28	0.017	0	0.009	0.139	0.043	0.163	0.111	0.421	0.026	0	0.174	0.237	0.251	0.048	0.124	0.351	0.465	0.166	0.143	0.078	0.227	0.856
TCGA.73.4677.01A.01R.1206.07	0	0.075	0.14	0.049	0.096	0.11	0.283	0.053	0.106	0.229	0.421	0.119	0.007	0.006	0.121	0.233	0.078	0.084	0.193	0.299	0.121	0.075	0.168	0.187	0.682
TCGA.73.7498.01A.12R.2187.07	0	0.081	0.142	0.034	0.095	0.068	0.294	0.085	0.115	0.176	0.39	0.111	0	0.128	0.102	0.142	0.106	0.132	0.154	0.335	0.145	0.072	0.209	0.21	0.717
TCGA.73.7499.01A.11R.2187.07	0	0.065	0.189	0.138	0.06	0.092	0.292	0.219	0.073	0.126	0.373	0.129	0.066	0.02	0.099	0.205	0.123	0.104	0.238	0.303	0.061	0.085	0.144	0.272	0.726
TCGA.73.A9RS.01A.11R.A41B.07	0	0.098	0.133	0.067	0.062	0.143	0.332	0.179	0.016	0.164	0.258	0.082	0.072	0	0.021	0.111	0.11	0.205	0.163	0.217	0.157	0.032	0.138	0.172	0.636
TCGA.75.5122.01A.01R.1755.07	0	0	0.261	0.151	0.079	0.117	0.319	0.182	0.071	0.038	0.403	0.063	0	0.035	0.132	0.294	0.092	0.159	0.401	0.315	0.071	0.127	0.157	0.259	0.875
TCGA.75.5125.01A.01R.1755.07	0	0.007	0.301	0.125	0.112	0.151	0.301	0.228	0	0.095	0.306	0.102	0.046	0.017	0.058	0.217	0.098	0.151	0.28	0.248	0.12	0.06	0.211	0.183	0.755
TCGA.75.5126.01A.01R.1755.07	0	0.054	0.211	0.114	0.044	0.078	0.284	0.185	0.015	0.119	0.311	0.089	0.019	0.123	0.107	0.266	0.104	0.174	0.385	0.284	0.158	0.064	0.111	0.144	0.813
TCGA.75.5146.01A.01R.1628.07	0.017	0.061	0.136	0.057	0.097	0.086	0.238	0.054	0.181	0.192	0.441	0.113	0.03	0.031	0.134	0.157	0.137	0.099	0.19	0.32	0.089	0.036	0.199	0.214	0.702
TCGA.75.5147.01A.01R.1628.07	0	0.089	0.122	0.068	0.138	0.111	0.297	0.054	0.156	0.107	0.369	0.116	0.069	0.03	0.076	0.208	0.143	0.126	0.278	0.257	0.09	0.051	0.191	0.203	0.748
TCGA.75.6203.01A.11R.1755.07	0	0.03	0.232	0.05	0.074	0.035	0.276	0.126	0.099	0.161	0.357	0.043	0	0.176	0.154	0.275	0.074	0.134	0.365	0.335	0.134	0.105	0.154	0.186	0.829
TCGA.75.6205.01A.11R.1755.07	0	0.038	0.241	0.074	0.114	0.091	0.333	0.158	0.07	0.084	0.375	0.115	0	0.079	0.129	0.214	0.13	0.138	0.344	0.341	0.107	0.057	0.199	0.198	0.836
TCGA.75.6206.01A.11R.1755.07	0	0.056	0.132	0.081	0.11	0.132	0.296	0.043	0.008	0.203	0.306	0.079	0.006	0.07	0.05	0.268	0.072	0.17	0.316	0.225	0.156	0.01	0.165	0.124	0.748
TCGA.75.6207.01A.11R.1755.07	0.002	0.078	0.135	0.009	0.134	0.127	0.268	0.057	0.038	0.141	0.21	0.138	0.014	0.056	0.07	0.252	0.076	0.175	0.291	0.132	0.181	0.029	0.118	0.15	0.688
TCGA.75.6211.01A.11R.1755.07	0	0.064	0.117	0.079	0.122	0.17	0.302	0.141	0.038	0.168	0.293	0.129	0.037	0	0.11	0.137	0.101	0.147	0.136	0.27	0.137	0.065	0.126	0.239	0.647
TCGA.75.6212.01A.11R.1755.07	0	0.076	0.124	0.043	0.107	0.073	0.29	0.059	0.146	0.194	0.34	0.068	0	0.04	0.14	0.277	0.198	0.082	0.249	0.236	0.091	0.053	0.258	0.158	0.775
TCGA.75.6214.01A.41R.1949.07	0	0.1	0.127	0.082	0.074	0.132	0.278	0.035	0.036	0.166	0.142	0.036	0.084	0.092	0.02	0.188	0.039	0.196	0.163	0.192	0.228	0.033	0.078	0.129	0.607
TCGA.75.7025.01A.12R.1949.07	0	0.096	0.163	0.043	0.091	0.07	0.291	0.05	0.098	0.161	0.393	0.117	0	0.096	0.099	0.165	0.141	0.13	0.157	0.315	0.109	0.063	0.294	0.206	0.759
TCGA.75.7027.01A.11R.1949.07	0	0.043	0.138	0.074	0.103	0.171	0.318	0.105	0.053	0.197	0.234	0.117	0.027	0	0.133	0.18	0.086	0.2	0.193	0.245	0.139	0.014	0.16	0.163	0.684
TCGA.75.7030.01A.11R.1949.07	0	0.065	0.162	0.007	0.101	0.095	0.288	0.043	0.121	0.185	0.431	0.15	0	0.109	0.125	0.129	0.115	0.1	0.09	0.348	0.074	0.103	0.252	0.234	0.671
TCGA.75.7031.01A.11R.1949.07	0	0.059	0.186	0.079	0.056	0.113	0.294	0.145	0.03	0.17	0.387	0.096	0.038	0.061	0.089	0.201	0.055	0.163	0.245	0.322	0.117	0.04	0.161	0.227	0.746
TCGA.78.7143.01A.11R.2039.07	0	0.104	0.059	0.04	0.101	0.103	0.288	0.029	0.082	0.161	0.323	0.116	0.025	0.085	0.097	0.265	0.116	0.173	0.248	0.186	0.129	0.023	0.246	0.156	0.76
TCGA.78.7145.01A.11R.2039.07	0	0.132	0.06	0.073	0.125	0.111	0.267	0.02	0.041	0.171	0.215	0.043	0.025	0.061	0.089	0.283	0.106	0.185	0.285	0.103	0.204	0	0.161	0.115	0.722
TCGA.78.7146.01A.11R.2039.07	0	0.03	0.171	0.112	0.061	0.139	0.275	0.245	0.078	0.184	0.148	0.052	0.06	0.004	0.074	0.237	0.078	0.169	0.235	0.244	0.179	0.048	0.08	0.13	0.676
TCGA.78.7147.01A.11R.2039.07	0	0.092	0.147	0.091	0.06	0.07	0.229	0.167	0.086	0.17	0.312	0.042	0.069	0.057	0.075	0.212	0.119	0.073	0.197	0.268	0.135	0.046	0.188	0.217	0.704
TCGA.78.7148.01A.11R.2039.07	0	0.077	0.222	0.098	0.079	0.131	0.281	0.158	0.025	0.178	0.344	0.109	0.011	0.017	0.136	0.151	0.092	0.104	0.16	0.317	0.126	0.055	0.12	0.215	0.643
TCGA.78.7149.01A.11R.2039.07	0	0.085	0.181	0.093	0.058	0.038	0.13	0.152	0.08	0.203	0.326	0.065	0.048	0.047	0.16	0.076	0.123	0.067	0.03	0.366	0.138	0.104	0.186	0.218	0.603
TCGA.78.7150.01A.21R.2039.07	0	0.07	0.139	0.124	0.045	0.132	0.291	0.17	0.079	0.218	0.209	0.076	0.054	0	0.104	0.162	0.087	0.206	0.154	0.32	0.178	0	0.057	0.184	0.674
TCGA.78.7152.01A.11R.2039.07	0	0.044	0.177	0.093	0.104	0.101	0.291	0.102	0.076	0.171	0.405	0.095	0	0.047	0.085	0.165	0.13	0.103	0.189	0.264	0.1	0.078	0.175	0.245	0.686
TCGA.78.7153.01A.11R.2039.07	0	0.062	0.157	0.067	0.093	0.089	0.179	0.099	0.136	0.188	0.321	0.087	0.045	0	0.141	0.155	0.125	0.105	0.16	0.309	0.111	0.097	0.168	0.216	0.674
TCGA.78.7154.01A.11R.2039.07	0	0.083	0.135	0.052	0.05	0.1	0.206	0.08	0.122	0.132	0.34	0.147	0.047	0.08	0.161	0.19	0.099	0.109	0.185	0.355	0.15	0.028	0.125	0.173	0.693
TCGA.78.7155.01A.11R.2039.07	0	0.076	0.169	0.099	0.102	0.13	0.307	0.17	0.042	0	0.243	0.016	0.078	0.012	0	0.211	0.089	0.111	0.2	0.284	0.175	0.118	0.162	0.231	0.732
TCGA.78.7156.01A.11R.2039.07	0	0.062	0.126	0.083	0	0.083	0.216	0.132	0.063	0.192	0.296	0.103	0.064	0.039	0.101	0.098	0.059	0.09	0.033	0.31	0.157	0.144	0.211	0.195	0.577
TCGA.78.7158.01A.11R.2039.07	0	0.097	0.086	0.03	0.168	0.097	0.279	0.057	0.088	0.154	0.208	0.052	0.072	0.022	0.136	0.192	0.073	0.167	0.211	0.151	0.197	0.036	0.165	0.159	0.657
TCGA.78.7159.01A.11R.2039.07	0	0.053	0.154	0.085	0.119	0.188	0.269	0.157	0.028	0.187	0.29	0.129	0.091	0	0.053	0.123	0.119	0.117	0.153	0.25	0.182	0.043	0.179	0.251	0.687
TCGA.78.7160.01A.11R.2039.07	0	0.028	0.18	0.109	0.086	0.177	0.325	0.187	0.088	0.145	0.401	0.137	0	0.032	0.104	0.186	0.089	0.114	0.26	0.326	0.102	0.036	0.162	0.259	0.749
TCGA.78.7161.01A.11R.2039.07	0	0.066	0.151	0.048	0.054	0.188	0.189	0.072	0.091	0.281	0.302	0.05	0.058	0.018	0.087	0.094	0.052	0.12	0.104	0.303	0.186	0.016	0.185	0.215	0.63
TCGA.78.7162.01A.21R.2066.07	0	0.067	0.21	0.087	0.081	0.054	0.267	0.136	0.131	0.165	0.417	0.112	0.034	0.05	0.111	0.197	0.106	0.052	0.138	0.394	0.075	0.103	0.187	0.222	0.685
TCGA.78.7163.01A.12R.2066.07	0	0	0.16	0.036	0	0.12	0.179	0.123	0.139	0.218	0.285	0.058	0.078	0.026	0.098	0.064	0.154	0.071	0.008	0.285	0.146	0.102	0.208	0.201	0.569
TCGA.78.7166.01A.12R.2066.07	0	0.03	0.217	0.109	0.046	0.091	0.184	0.2	0.131	0.185	0.35	0.058	0.087	0.028	0.126	0.084	0.139	0.128	0.036	0.377	0.126	0.059	0.206	0.202	0.65
TCGA.78.7167.01A.11R.2066.07	0.008	0.093	0.151	0.058	0.058	0.091	0.202	0.124	0.085	0.22	0.26	0.081	0.074	0.039	0.092	0.116	0.065	0.117	0.077	0.307	0.15	0.075	0.183	0.192	0.603
TCGA.78.7220.01A.11R.2039.07	0	0.091	0.109	0.105	0.024	0.146	0.266	0.169	0.008	0.239	0.25	0.089	0.06	0	0.136	0.182	0.053	0.162	0.156	0.26	0.187	0.039	0.092	0.162	0.627
TCGA.78.7535.01A.11R.2066.07	0	0.075	0.141	0.083	0.084	0.056	0.177	0	0.055	0.19	0.124	0	0.06	0.099	0.083	0.22	0.143	0.242	0.34	0.249	0.193	0.043	0.124	0.149	0.83
TCGA.78.7536.01A.11R.2066.07	0	0.056	0.132	0.121	0.059	0.123	0.299	0.217	0	0.132	0.29	0.09	0.068	0.048	0.083	0.136	0.092	0.207	0.299	0.201	0.156	0.061	0.096	0.173	0.68
TCGA.78.7537.01A.11R.2066.07	0	0.085	0.109	0.063	0.094	0.109	0.314	0.054	0.088	0.233	0.321	0.076	0.04	0	0.14	0.223	0.1	0.119	0.136	0.237	0.085	0.066	0.203	0.208	0.656
TCGA.78.7539.01A.11R.2066.07	0	0.049	0.203	0.12	0.084	0.073	0.264	0.18	0.122	0.142	0.422	0.087	0.061	0.02	0.055	0.197	0.064	0.101	0.235	0.347	0.114	0.061	0.209	0.266	0.767
TCGA.78.7540.01A.11R.2066.07	0	0.06	0.16	0.051	0.052	0.088	0.193	0.076	0.099	0.262	0.178	0.046	0.065	0.104	0.103	0.243	0.104	0.124	0.24	0.288	0.136	0.027	0.164	0.144	0.721
TCGA.78.7542.01A.21R.2066.07	0	0.049	0.184	0.111	0.061	0.154	0.314	0.214	0.024	0.204	0.111	0.049	0.126	0.004	0.058	0.23	0.089	0.181	0.174	0.247	0.159	0.016	0.117	0.146	0.672
TCGA.78.7633.01A.11R.2066.07	0	0.091	0.12	0.062	0.074	0.112	0.224	0.06	0.09	0.198	0.228	0.063	0.051	0	0.103	0.183	0.089	0.103	0.119	0.278	0.178	0.069	0.155	0.129	0.617
TCGA.78.8640.01A.11R.2403.07	0	0.03	0.184	0.101	0.096	0.091	0.216	0.211	0.057	0.133	0.308	0.058	0.092	0.023	0.096	0.187	0.124	0.17	0.242	0.298	0.159	0.086	0.081	0.223	0.742
TCGA.78.8648.01A.11R.2403.07	0	0.038	0.27	0.119	0.121	0.053	0.313	0.147	0.084	0.107	0.44	0.108	0	0.012	0.102	0.21	0.112	0.167	0.341	0.355	0.058	0.097	0.201	0.216	0.83
TCGA.78.8655.01A.11R.2403.07	0	0.063	0.181	0.089	0.066	0.079	0.298	0.148	0.078	0.158	0.351	0.112	0.031	0.024	0.075	0.208	0.105	0.148	0.295	0.291	0.131	0.08	0.176	0.219	0.786
TCGA.78.8660.01A.11R.2403.07	0	0.039	0.229	0.127	0.073	0.084	0.285	0.226	0.081	0.132	0.389	0.079	0.022	0.031	0.112	0.227	0.085	0.104	0.265	0.394	0.091	0.083	0.171	0.241	0.789
TCGA.78.8662.01A.11R.2403.07	0	0.102	0.095	0.075	0.052	0.083	0.202	0	0.131	0.107	0.285	0.014	0.082	0.042	0.06	0.125	0.101	0.112	0.14	0.289	0.182	0.066	0.137	0.204	0.645
TCGA.80.5607.01A.31R.1949.07	0	0.056	0.185	0.079	0.074	0.08	0.318	0.081	0.084	0.175	0.459	0.134	0	0.024	0.097	0.182	0.058	0.151	0.193	0.303	0.104	0.092	0.199	0.19	0.691
TCGA.80.5608.01A.31R.1949.07	0	0.054	0.199	0.044	0.044	0.173	0.268	0.112	0.059	0.234	0.335	0.061	0.017	0.035	0.13	0.146	0.051	0.197	0.183	0.309	0.167	0.056	0.134	0.236	0.712
TCGA.80.5611.01A.01R.1628.07	0	0.04	0.191	0.087	0.055	0.151	0.235	0.177	0.029	0.151	0.341	0.093	0.072	0.028	0.058	0.192	0.121	0.174	0.345	0.279	0.141	0.057	0.094	0.212	0.779
TCGA.83.5908.01A.21R.2287.07	0	0.007	0.268	0.149	0.05	0.138	0.349	0.242	0.073	0.088	0.395	0.136	0.022	0	0.034	0.158	0.1	0.1	0.199	0.362	0.088	0.095	0.187	0.237	0.716
TCGA.86.6562.01A.11R.1755.07	0	0.069	0.139	0.082	0.11	0.086	0.239	0.064	0.076	0.191	0.343	0.145	0	0.027	0.067	0.194	0.101	0.189	0.289	0.254	0.149	0.026	0.132	0.171	0.74
TCGA.86.6851.01A.11R.1949.07	0	0.033	0.292	0.144	0.147	0.099	0.346	0.19	0.068	0.097	0.373	0.118	0.013	0.022	0	0.122	0.141	0.164	0.212	0.377	0.087	0.062	0.224	0.24	0.784
TCGA.86.7701.01A.11R.2170.07	0	0.058	0.214	0.098	0.153	0.165	0.302	0.202	0	0.114	0.354	0.174	0.024	0.032	0.13	0.131	0.156	0.078	0.144	0.294	0.081	0.052	0.186	0.25	0.66
TCGA.86.7711.01A.11R.2066.07	0	0.013	0.132	0.121	0.065	0.155	0.342	0.147	0	0.161	0.138	0.079	0.006	0.141	0.07	0.175	0.09	0.214	0.357	0.274	0.227	0	0.051	0.099	0.743
TCGA.86.7713.01A.11R.2066.07	0	0.098	0.098	0.031	0.123	0.214	0.277	0.072	0	0.2	0.271	0.106	0.014	0	0.032	0.159	0.106	0.173	0.212	0.108	0.197	0.034	0.193	0.173	0.661
TCGA.86.7714.01A.12R.2170.07	0.039	0.059	0.108	0	0.052	0.09	0.253	0.027	0	0.227	0.245	0.063	0	0.105	0.112	0.326	0.084	0.177	0.234	0.158	0.168	0.039	0.188	0.113	0.724
TCGA.86.7953.01A.11R.2187.07	0	0.066	0.148	0.075	0.112	0.115	0.326	0.022	0.013	0.165	0.418	0.123	0	0.042	0.033	0.18	0.172	0.214	0.316	0.214	0.15	0.046	0.192	0.18	0.809
TCGA.86.7954.01A.11R.2187.07	0	0.047	0.178	0.119	0.103	0.097	0.285	0.208	0.068	0.052	0.333	0.121	0.027	0.108	0.066	0.183	0.133	0.167	0.306	0.244	0.137	0.049	0.193	0.201	0.782
TCGA.86.7955.01A.11R.2187.07	0	0.077	0.067	0.059	0	0.193	0.221	0.114	0.023	0.108	0.216	0.052	0.122	0.024	0.047	0.079	0.161	0.112	0.031	0.19	0.198	0.063	0.129	0.183	0.542
TCGA.86.8054.01A.11R.2241.07	0	0.156	0.145	0.018	0.077	0.169	0.289	0.099	0.037	0.162	0.256	0.101	0.041	0.03	0.055	0.21	0.084	0.137	0.215	0.156	0.208	0	0.11	0.161	0.641
TCGA.86.8055.01A.11R.2241.07	0	0.09	0.128	0.053	0.125	0.151	0.308	0.053	0.132	0.124	0.299	0.119	0.023	0.058	0.079	0.208	0.118	0.195	0.268	0.266	0.149	0.032	0.165	0.182	0.775
TCGA.86.8056.01A.11R.2241.07	0.001	0.088	0.137	0.039	0.098	0.096	0.323	0.043	0.13	0.18	0.351	0.107	0.008	0.071	0.062	0.169	0.119	0.168	0.259	0.315	0.136	0.044	0.214	0.149	0.765
TCGA.86.8073.01A.11R.2241.07	0	0.086	0.117	0.064	0.1	0.077	0.257	0.082	0.136	0.164	0.298	0.066	0.055	0.025	0.072	0.165	0.103	0.173	0.299	0.403	0.149	0.043	0.179	0.145	0.808
TCGA.86.8074.01A.11R.2241.07	0	0.093	0.142	0.09	0.096	0.114	0.344	0.146	0.148	0.145	0.254	0.083	0.07	0.031	0.035	0.216	0.091	0.174	0.27	0.234	0.124	0.009	0.178	0.138	0.712
TCGA.86.8075.01A.11R.2241.07	0	0.094	0.127	0.073	0.129	0.115	0.324	0.032	0.114	0.161	0.298	0.082	0.006	0.063	0.021	0.188	0.13	0.183	0.33	0.252	0.13	0.006	0.173	0.165	0.775
TCGA.86.8076.01A.31R.2241.07	0	0.054	0.2	0.124	0.101	0.151	0.305	0.193	0.098	0.136	0.419	0.135	0.017	0	0.102	0.168	0.101	0.117	0.145	0.347	0.071	0.05	0.206	0.294	0.724
TCGA.86.8278.01A.11R.2287.07	0	0.082	0.226	0.096	0.1	0.086	0.256	0.13	0.106	0.221	0.267	0.113	0.011	0.07	0.064	0.171	0.087	0.2	0.232	0.324	0.114	0.024	0.192	0.146	0.733
TCGA.86.8279.01A.11R.2287.07	0.03	0.129	0.024	0.083	0.075	0.08	0.203	0	0.11	0.204	0.132	0	0.042	0.069	0.046	0.281	0.11	0.224	0.236	0.171	0.185	0.011	0.168	0.103	0.739
TCGA.86.8280.01A.11R.2287.07	0	0.095	0.171	0.091	0.136	0.07	0.285	0.169	0.11	0.082	0.399	0.11	0.013	0.083	0.107	0.169	0.123	0.094	0.202	0.323	0.082	0.071	0.242	0.215	0.725
TCGA.86.8281.01A.11R.2287.07	0	0.084	0.163	0.04	0.101	0.103	0.269	0.084	0.11	0.204	0.308	0.102	0.016	0.078	0.122	0.191	0.129	0.088	0.108	0.325	0.119	0.056	0.184	0.216	0.68
TCGA.86.8358.01A.11R.2326.07	0	0.092	0.217	0.074	0.082	0.134	0.299	0.125	0.131	0.106	0.278	0.056	0.026	0.024	0.147	0.126	0.127	0.134	0.144	0.329	0.142	0.065	0.16	0.183	0.673
TCGA.86.8359.01A.11R.2326.07	0	0.055	0.21	0.156	0.071	0.163	0.302	0.172	0.106	0.188	0.426	0.12	0.004	0.002	0.074	0	0.074	0.165	0.108	0.404	0.15	0.034	0.155	0.286	0.671
TCGA.86.8585.01A.11R.2403.07	0	0.044	0.248	0.108	0.088	0.137	0.248	0.172	0.068	0.071	0.444	0.124	0.021	0.062	0.075	0.166	0.098	0.152	0.225	0.343	0.108	0.057	0.196	0.243	0.766
TCGA.86.8668.01A.11R.2403.07	0	0.073	0.155	0.06	0.145	0.11	0.326	0.101	0.05	0.153	0.317	0.097	0.002	0.053	0.101	0.165	0.138	0.117	0.224	0.246	0.092	0.045	0.254	0.189	0.713
TCGA.86.8669.01A.11R.2403.07	0	0.032	0.15	0.059	0.133	0.134	0.353	0.062	0	0.182	0.393	0.125	0.008	0	0.132	0.218	0.104	0.176	0.209	0.294	0.126	0.057	0.215	0.203	0.773
TCGA.86.8671.01A.11R.2403.07	0	0.068	0.227	0.124	0.137	0.053	0.343	0.15	0.08	0.069	0.393	0.1	0.006	0.082	0.086	0.168	0.154	0.105	0.241	0.336	0.067	0.081	0.24	0.263	0.788
TCGA.86.8672.01A.21R.2403.07	0	0.01	0.247	0.163	0.065	0.131	0.317	0.207	0.1	0.106	0.371	0.06	0.047	0	0.083	0.205	0.098	0.212	0.226	0.383	0.097	0.06	0.147	0.227	0.798
TCGA.86.8673.01A.11R.2403.07	0	0.043	0.204	0.144	0.056	0.137	0.209	0.167	0.116	0.196	0.312	0.058	0.041	0	0.075	0.168	0.112	0.171	0.188	0.316	0.114	0.086	0.154	0.256	0.74
TCGA.86.8674.01A.21R.2403.07	0	0.041	0.057	0.103	0.014	0.127	0.152	0.132	0.135	0.234	0.29	0.03	0.078	0	0.116	0.086	0.12	0.153	0.014	0.299	0.176	0.05	0.101	0.228	0.588
TCGA.86.A456.01A.11R.A24H.07	0	0.017	0.174	0.079	0.088	0.047	0.254	0.07	0.101	0.136	0.407	0.096	0.03	0.095	0.092	0.228	0.071	0.108	0.311	0.414	0.153	0.05	0.235	0.143	0.831
TCGA.86.A4D0.01A.11R.A24H.07	0	0.119	0.175	0.092	0.084	0.154	0.317	0.139	0.01	0.115	0.249	0.093	0.074	0	0.079	0.203	0.11	0.104	0.182	0.264	0.168	0.07	0.148	0.17	0.675
TCGA.86.A4JF.01A.11R.A24X.07	0	0.027	0.233	0.11	0.053	0.096	0.243	0.197	0.056	0.154	0.319	0.077	0.041	0.031	0.11	0.221	0.084	0.182	0.271	0.303	0.144	0.069	0.139	0.198	0.771
TCGA.86.A4P7.01A.11R.A24X.07	0	0.079	0.195	0.086	0.1	0.035	0.273	0.128	0.132	0.126	0.434	0.08	0.005	0.098	0.095	0.169	0.119	0.121	0.264	0.332	0.1	0.093	0.213	0.201	0.759
TCGA.86.A4P8.01A.11R.A24X.07	0	0.028	0.237	0.046	0.107	0.012	0.276	0.1	0.094	0.108	0.473	0.086	0	0.124	0.2	0.202	0.07	0.102	0.269	0.37	0.105	0.096	0.25	0.198	0.783
TCGA.91.6828.01A.11R.1858.07	0	0.054	0.174	0.103	0.094	0.127	0.324	0.174	0.083	0.139	0.355	0.114	0.021	0.045	0.073	0.206	0.088	0.147	0.286	0.266	0.13	0.059	0.188	0.174	0.742
TCGA.91.6828.11A.01R.1858.07	0	0.023	0.228	0.035	0	0.019	0.217	0.052	0.125	0.174	0.375	0.062	0.001	0.174	0.127	0.147	0.035	0.125	0.268	0.395	0.226	0.085	0.177	0.133	0.753
TCGA.91.6829.01A.21R.1858.07	0	0.063	0.212	0.078	0.105	0.119	0.253	0.043	0.19	0.148	0.112	0.062	0.026	0.041	0.043	0.212	0.106	0.208	0.313	0.3	0.142	0.077	0.131	0.132	0.773
TCGA.91.6829.11A.01R.1858.07	0	0.047	0.2	0.028	0.01	0	0.154	0.082	0.105	0.124	0.25	0.017	0.037	0.198	0.162	0.301	0.089	0.2	0.399	0.309	0.21	0.072	0.143	0.15	0.9
TCGA.91.6830.01A.11R.1949.07	0	0.052	0.242	0.064	0.058	0.049	0.242	0.156	0.158	0.117	0.373	0.109	0.038	0.149	0.096	0.151	0.128	0.114	0.225	0.37	0.146	0.059	0.176	0.173	0.741
TCGA.91.6831.01A.11R.1858.07	0	0.051	0.193	0.093	0.127	0.143	0.281	0.143	0	0.13	0.265	0.113	0.011	0.095	0.043	0.179	0.121	0.227	0.284	0.185	0.156	0.072	0.125	0.175	0.726
TCGA.91.6831.11A.02R.1858.07	0	0.041	0.198	0.076	0.063	0.04	0.211	0.104	0.14	0.158	0.421	0.07	0.011	0.138	0.133	0.159	0.068	0.116	0.285	0.404	0.187	0.072	0.166	0.14	0.763
TCGA.91.6835.01A.11R.1858.07	0	0.059	0.187	0.094	0.119	0.079	0.352	0.154	0.078	0.107	0.415	0.144	0	0.008	0.082	0.16	0.176	0.055	0.268	0.303	0.056	0.086	0.235	0.25	0.751
TCGA.91.6835.11A.01R.1858.07	0	0.08	0.14	0.087	0.022	0.038	0.221	0.106	0.102	0.166	0.339	0.063	0.033	0.111	0.119	0.162	0.072	0.12	0.24	0.306	0.139	0.111	0.236	0.186	0.73
TCGA.91.6836.01A.21R.1858.07	0	0.059	0.202	0.13	0.097	0.134	0.321	0.223	0.035	0.195	0.135	0.069	0.068	0	0.034	0.21	0.122	0.119	0.161	0.23	0.172	0.035	0.113	0.139	0.634
TCGA.91.6836.11A.01R.1858.07	0	0	0.209	0.075	0.034	0.025	0.246	0.099	0.107	0.155	0.421	0.047	0.036	0.153	0.165	0.235	0.067	0.128	0.345	0.374	0.166	0.059	0.196	0.167	0.839
TCGA.91.6840.01A.11R.1949.07	0	0.117	0.189	0.083	0.103	0.067	0.265	0.107	0.081	0.019	0.379	0.119	0.019	0.083	0.119	0.121	0.145	0.061	0.16	0.318	0.117	0.048	0.234	0.242	0.699
TCGA.91.6847.01A.11R.1949.07	0	0.098	0.071	0.053	0	0.152	0.225	0.107	0.05	0.124	0.092	0	0.055	0.061	0.139	0.063	0.091	0.166	0.068	0.29	0.203	0.072	0.073	0.141	0.548
TCGA.91.6847.11A.01R.1949.07	0	0.052	0.122	0	0	0	0.163	0.067	0.112	0.194	0.322	0.019	0.019	0.214	0.174	0.144	0.046	0.147	0.273	0.345	0.219	0.092	0.181	0.124	0.739
TCGA.91.6848.01A.11R.1949.07	0	0.036	0.249	0.103	0.111	0.151	0.371	0.17	0.074	0.014	0.331	0.143	0	0.073	0.053	0.23	0.09	0.158	0.298	0.366	0.151	0.051	0.165	0.175	0.817
TCGA.91.6849.01A.11R.1949.07	0	0.02	0.238	0.067	0.121	0.082	0.307	0.068	0.095	0.173	0.422	0.089	0	0.054	0.096	0.198	0.111	0.107	0.266	0.4	0.107	0.103	0.159	0.2	0.774
TCGA.91.6849.11A.01R.1949.07	0	0.031	0.221	0.033	0.018	0.013	0.195	0.045	0.112	0.165	0.382	0.034	0.013	0.2	0.164	0.101	0.056	0.129	0.215	0.45	0.197	0.102	0.2	0.138	0.744
TCGA.91.7771.01A.11R.2170.07	0	0.076	0.165	0.096	0.104	0.105	0.289	0.155	0.118	0.159	0.409	0.126	0	0.079	0.1	0.189	0.105	0.124	0.248	0.316	0.04	0.056	0.198	0.221	0.72
TCGA.91.8496.01A.11R.2403.07	0	0.092	0.174	0.033	0.102	0.035	0.268	0.052	0.127	0.121	0.358	0.041	0.017	0.149	0.195	0.231	0.08	0.13	0.304	0.315	0.179	0.061	0.148	0.182	0.785
TCGA.91.8497.01A.11R.2403.07	0	0.061	0.15	0.037	0.13	0.059	0.316	0.058	0.087	0.151	0.411	0.101	0	0.107	0.147	0.212	0.2	0.1	0.181	0.293	0.095	0.07	0.246	0.221	0.774
TCGA.91.8499.01A.11R.2403.07	0	0.082	0.172	0.136	0.077	0.067	0.273	0.162	0.047	0	0.328	0.117	0.105	0.021	0.066	0.2	0.076	0.117	0.229	0.191	0.186	0.089	0.148	0.176	0.662
TCGA.91.A4BC.01A.11R.A24H.07	0	0.029	0.251	0.164	0.107	0.086	0.267	0.225	0.085	0.081	0.411	0.098	0.063	0	0.071	0.116	0.103	0.187	0.211	0.331	0.065	0.12	0.191	0.28	0.742
TCGA.91.A4BD.01A.11R.A24H.07	0	0.027	0.207	0.095	0.052	0.041	0.202	0.161	0.085	0.143	0.371	0	0.067	0.03	0.174	0.248	0.077	0.185	0.314	0.316	0.17	0.054	0.225	0.202	0.869
TCGA.93.7347.01A.11R.2187.07	0	0.063	0.199	0.093	0.126	0.082	0.331	0.138	0.105	0.102	0.411	0.126	0	0.064	0.106	0.215	0.103	0.106	0.225	0.329	0.092	0.069	0.238	0.248	0.778
TCGA.93.7348.01A.21R.2039.07	0	0.091	0.156	0.077	0.13	0.089	0.274	0.042	0.13	0.176	0.399	0.148	0	0.03	0.08	0.146	0.126	0.117	0.113	0.346	0.107	0.041	0.243	0.179	0.689
TCGA.93.8067.01A.11R.2287.07	0	0.07	0.206	0.064	0.067	0.135	0.305	0.164	0.058	0.183	0.237	0.048	0.042	0.045	0.097	0.221	0.074	0.153	0.188	0.323	0.15	0.047	0.127	0.175	0.705
TCGA.93.A4JN.01A.11R.A24X.07	0	0.108	0.11	0.067	0.149	0.102	0.313	0.043	0.111	0.14	0.361	0.098	0.008	0.07	0.07	0.105	0.203	0.133	0.118	0.243	0.116	0.038	0.225	0.197	0.67
TCGA.93.A4JO.01A.21R.A24X.07	0	0.057	0.204	0.116	0.085	0.062	0.261	0.152	0.11	0.144	0.408	0.115	0	0.086	0.068	0.17	0.114	0.14	0.233	0.337	0.105	0.047	0.246	0.241	0.793
TCGA.93.A4JP.01A.11R.A24X.07	0	0.077	0.11	0.085	0.043	0.049	0.268	0.077	0.127	0.134	0.268	0.034	0.036	0.176	0.097	0.196	0.094	0.155	0.292	0.309	0.176	0.044	0.157	0.112	0.746
TCGA.93.A4JQ.01A.11R.A24X.07	0	0.071	0.197	0.116	0.093	0.097	0.303	0.189	0.112	0.082	0.406	0.125	0.019	0.043	0.11	0.109	0.176	0.085	0.131	0.333	0.053	0.044	0.279	0.229	0.698
TCGA.95.7039.01A.11R.1949.07	0	0.102	0.186	0.023	0.08	0.092	0.278	0.088	0.132	0.13	0.353	0.129	0.004	0.041	0.099	0.175	0.087	0.144	0.135	0.319	0.131	0.073	0.165	0.197	0.676
TCGA.95.7043.01A.11R.1949.07	0	0.078	0.082	0.045	0.026	0.064	0.184	0.105	0.219	0.179	0.184	0.075	0.013	0.078	0.111	0.068	0.123	0.117	0.085	0.317	0.22	0.08	0.146	0.161	0.619
TCGA.95.7562.01A.11R.2241.07	0	0.056	0.155	0.117	0.082	0.126	0.263	0.176	0.083	0.104	0.272	0.141	0.023	0.102	0.106	0.198	0.111	0.185	0.268	0.212	0.142	0.016	0.105	0.168	0.695
TCGA.95.7567.01A.11R.2066.07	0	0.058	0.204	0.142	0.109	0.158	0.284	0.209	0.08	0.14	0.324	0.078	0.013	0	0.018	0.218	0.125	0.118	0.253	0.275	0.122	0.062	0.12	0.236	0.733
TCGA.95.7944.01A.11R.2187.07	0	0	0.278	0.172	0.046	0.115	0.379	0.217	0.098	0.055	0.384	0.121	0.025	0.011	0.025	0.182	0.043	0.149	0.215	0.369	0.1	0.107	0.171	0.274	0.752
TCGA.95.7947.01A.11R.2187.07	0	0.027	0.158	0.061	0.098	0.079	0.288	0.168	0.059	0.122	0.342	0.141	0.041	0.066	0.133	0.153	0.14	0.119	0.203	0.266	0.13	0.105	0.162	0.2	0.687
TCGA.95.7948.01A.11R.2187.07	0.001	0.054	0.105	0.084	0.114	0.032	0.171	0.016	0.165	0.179	0.221	0.07	0.02	0.036	0.135	0.151	0.076	0.117	0.217	0.144	0.178	0.087	0.105	0.233	0.61
TCGA.95.8039.01A.11R.2241.07	0	0.085	0.183	0.073	0.12	0.084	0.319	0.15	0.091	0.146	0.347	0.113	0.023	0.036	0.097	0.241	0.096	0.099	0.232	0.316	0.107	0.024	0.25	0.217	0.778
TCGA.95.8494.01A.11R.2326.07	0	0.019	0.14	0.092	0.051	0.188	0.319	0.075	0	0.116	0.187	0.015	0.009	0.059	0.081	0.263	0.088	0.24	0.317	0.243	0.196	0.033	0.154	0.11	0.805
TCGA.95.A4VK.01A.11R.A262.07	0	0.088	0.174	0.069	0.091	0.101	0.289	0.136	0.09	0.168	0.424	0.111	0.034	0.051	0.059	0.07	0.157	0.126	0.057	0.305	0.078	0.096	0.234	0.209	0.618
TCGA.95.A4VN.01A.11R.A262.07	0	0.045	0.252	0.131	0.079	0.105	0.317	0.2	0.053	0.114	0.381	0.097	0.024	0.024	0.05	0.182	0.103	0.127	0.267	0.34	0.109	0.078	0.208	0.206	0.771
TCGA.95.A4VP.01A.21R.A262.07	0	0.084	0.217	0.098	0.063	0.099	0.221	0.15	0.089	0.143	0.396	0.079	0.003	0.072	0.103	0.133	0.156	0.118	0.166	0.399	0.109	0.106	0.21	0.232	0.762
TCGA.97.7546.01A.11R.2039.07	0	0.092	0.185	0.05	0.114	0.092	0.309	0.076	0.149	0.15	0.428	0.103	0	0.058	0.105	0.16	0.114	0.08	0.199	0.337	0.13	0.033	0.222	0.187	0.715
TCGA.97.7547.01A.11R.2039.07	0.008	0.112	0.088	0.077	0.113	0.125	0.32	0.015	0.062	0.167	0.347	0.131	0	0.013	0.048	0.161	0.135	0.134	0.198	0.239	0.129	0.045	0.197	0.203	0.697
TCGA.97.7552.01A.11R.2039.07	0	0.046	0.252	0.121	0.12	0.078	0.342	0.176	0.088	0.154	0.367	0.133	0	0.032	0.111	0.115	0.17	0.019	0.171	0.367	0.051	0.09	0.215	0.252	0.68
TCGA.97.7553.01A.21R.2039.07	0	0.027	0.226	0.089	0.093	0.069	0.283	0.122	0.077	0.116	0.401	0.081	0.012	0.176	0.107	0.217	0.106	0.13	0.338	0.36	0.127	0.074	0.162	0.2	0.82
TCGA.97.7554.01A.11R.2039.07	0	0.057	0.171	0.079	0.137	0.116	0.308	0.068	0.075	0.1	0.313	0.162	0.008	0.068	0.034	0.223	0.111	0.124	0.258	0.274	0.121	0.063	0.162	0.183	0.728
TCGA.97.7937.01A.11R.2170.07	0	0.067	0.105	0.101	0.089	0.088	0.227	0.045	0.081	0.227	0.148	0.014	0.072	0.027	0	0.191	0.134	0.191	0.257	0.191	0.182	0.044	0.094	0.173	0.708
TCGA.97.7938.01A.11R.2170.07	0.001	0.083	0.133	0.05	0.095	0.081	0.268	0.093	0.12	0.209	0.38	0.095	0.028	0.032	0.095	0.182	0.106	0.066	0.176	0.323	0.115	0.081	0.184	0.158	0.656
TCGA.97.7941.01A.11R.2187.07	0	0.074	0.161	0.045	0.076	0.062	0.3	0.089	0.124	0.174	0.33	0.105	0.029	0.116	0.127	0.167	0.073	0.109	0.187	0.331	0.123	0.052	0.236	0.177	0.702
TCGA.97.8171.01A.11R.2287.07	0	0.115	0.044	0.045	0.163	0.028	0.127	0.079	0	0.232	0.135	0	0.028	0.001	0.123	0.19	0.145	0.162	0.194	0	0.184	0.051	0.155	0.142	0.586
TCGA.97.8172.01A.11R.2287.07	0	0.063	0.15	0.062	0.149	0.077	0.282	0.088	0.123	0.158	0.382	0.139	0	0.093	0.091	0.143	0.175	0.128	0.2	0.307	0.085	0.075	0.227	0.222	0.744
TCGA.97.8174.01A.11R.2287.07	0	0.048	0.164	0.043	0.076	0.077	0.322	0.09	0.091	0.203	0.369	0.102	0	0.155	0.126	0.155	0.052	0.148	0.174	0.317	0.101	0.083	0.27	0.184	0.7
TCGA.97.8175.01A.11R.2287.07	0	0.046	0.104	0.042	0.08	0.154	0.314	0.066	0.049	0.17	0.273	0.068	0.054	0.093	0.158	0.248	0.119	0.193	0.301	0.246	0.147	0.03	0.173	0.135	0.781
TCGA.97.8176.01A.11R.2403.07	0	0.047	0.172	0.053	0.086	0.125	0.287	0.052	0.004	0.152	0.274	0.097	0.04	0.113	0.073	0.187	0.127	0.213	0.312	0.231	0.176	0.016	0.189	0.131	0.783
TCGA.97.8177.01A.11R.2287.07	0	0.059	0.164	0.085	0.101	0.088	0.295	0.039	0.149	0.101	0.403	0.062	0	0.059	0.147	0.252	0.087	0.185	0.343	0.309	0.089	0.062	0.184	0.191	0.82
TCGA.97.8179.01A.11R.2287.07	0	0.103	0.064	0.069	0.048	0.083	0.238	0.102	0.088	0.138	0.175	0.021	0.059	0.162	0.104	0.174	0.099	0.181	0.207	0.296	0.214	0.052	0.131	0.142	0.722
TCGA.97.8547.01A.11R.2403.07	0	0.1	0.085	0.092	0.115	0.099	0.314	0.027	0.026	0.171	0.134	0.091	0.021	0.059	0.031	0.287	0.08	0.224	0.303	0.146	0.156	0	0.224	0.091	0.755
TCGA.97.8552.01A.11R.2403.07	0	0.078	0.136	0.05	0.079	0.046	0.261	0.028	0.117	0.147	0.376	0.088	0	0.148	0.124	0.223	0.103	0.13	0.257	0.317	0.143	0.054	0.282	0.162	0.809
TCGA.97.A4LX.01A.11R.A24X.07	0	0.055	0.223	0.138	0.131	0.105	0.316	0.184	0.045	0.067	0.368	0.107	0.003	0.086	0.086	0.219	0.14	0.144	0.25	0.317	0.074	0.07	0.216	0.254	0.807
TCGA.97.A4M0.01A.11R.A24X.07	0	0.058	0.203	0.071	0.096	0.115	0.307	0.144	0.056	0.145	0.411	0.094	0.028	0.022	0.089	0.211	0.08	0.101	0.241	0.303	0.111	0.05	0.238	0.261	0.774
TCGA.97.A4M1.01A.11R.A24X.07	0	0.078	0.15	0.041	0.034	0.031	0.199	0.108	0.101	0.169	0.332	0	0.027	0.198	0.175	0.166	0.07	0.149	0.218	0.321	0.201	0.063	0.214	0.222	0.781
TCGA.97.A4M2.01A.12R.A24X.07	0	0.048	0.218	0.098	0.082	0.011	0.257	0.168	0.09	0.098	0.406	0.057	0.018	0.116	0.134	0.212	0.09	0.151	0.272	0.364	0.109	0.097	0.232	0.215	0.823
TCGA.97.A4M3.01A.11R.A24X.07	0	0.098	0.076	0.071	0.074	0.108	0.231	0.015	0.085	0.219	0.383	0.088	0.003	0.074	0.124	0.13	0.104	0.14	0.132	0.341	0.155	0.004	0.215	0.116	0.666
TCGA.97.A4M5.01A.11R.A24X.07	0	0.084	0.198	0.057	0.068	0.117	0.274	0.105	0.134	0.157	0.371	0.054	0.005	0.102	0.103	0.18	0.101	0.166	0.283	0.36	0.123	0.03	0.21	0.196	0.81
TCGA.97.A4M6.01A.11R.A24X.07	0	0.082	0.175	0.075	0.088	0.082	0.276	0.171	0.135	0.138	0.382	0.13	0	0.037	0.097	0.178	0.124	0.144	0.218	0.333	0.098	0.027	0.25	0.231	0.788
TCGA.97.A4M7.01A.11R.A24X.07	0	0.097	0.133	0.071	0.132	0.079	0.327	0.114	0.099	0.105	0.396	0.1	0	0.05	0.139	0.187	0.145	0.143	0.202	0.314	0.099	0.034	0.271	0.219	0.79
TCGA.99.7458.01A.11R.2039.07	0	0.058	0.193	0.081	0.129	0.12	0.337	0.169	0.075	0.112	0.359	0.127	0.042	0.068	0.084	0.212	0.1	0.065	0.186	0.319	0.086	0.05	0.249	0.227	0.722
TCGA.99.8025.01A.11R.2241.07	0	0.104	0.096	0.058	0.073	0.1	0.244	0.055	0.081	0.194	0.267	0.107	0.027	0.074	0.046	0.158	0.107	0.147	0.179	0.214	0.162	0.02	0.245	0.156	0.684
TCGA.99.8028.01A.11R.2241.07	0	0.039	0.265	0.124	0.09	0.142	0.315	0.159	0.071	0.076	0.414	0.079	0	0.12	0.105	0.209	0.083	0.093	0.246	0.387	0.043	0.085	0.217	0.299	0.788
TCGA.99.8032.01A.11R.2241.07	0	0.091	0.153	0.048	0.119	0.181	0.316	0.064	0.075	0.119	0.346	0.107	0.017	0.037	0.084	0.142	0.131	0.125	0.181	0.252	0.117	0.05	0.216	0.239	0.701
TCGA.99.8033.01A.11R.2241.07	0	0	0.238	0.163	0.016	0.137	0.325	0.225	0.121	0.136	0.355	0.082	0.029	0.016	0.122	0.166	0.059	0.178	0.184	0.403	0.16	0.008	0.144	0.173	0.733
TCGA.99.AA5R.01A.11R.A39D.07	0	0.043	0.253	0.099	0.076	0.04	0.249	0.142	0.103	0.077	0.458	0.081	0	0.148	0.131	0.152	0.142	0.067	0.177	0.407	0.078	0.13	0.222	0.262	0.754
TCGA.J2.8192.01A.11R.2241.07	0	0.082	0.135	0.031	0.094	0.13	0.329	0.082	0.146	0.14	0.355	0.138	0.017	0.079	0.083	0.244	0.098	0.19	0.297	0.259	0.117	0.024	0.216	0.16	0.791
TCGA.J2.8194.01A.11R.2241.07	0	0.034	0.091	0.057	0.09	0.094	0.288	0.02	0.076	0.212	0.321	0.086	0	0.098	0.126	0.169	0.066	0.159	0.242	0.28	0.194	0.068	0.194	0.153	0.729
TCGA.J2.A4AD.01A.11R.A24H.07	0.023	0.099	0.051	0.036	0.071	0.082	0.155	0.04	0.128	0.147	0.23	0.059	0.076	0.128	0.056	0.113	0.095	0.142	0.14	0.201	0.163	0.09	0.168	0.209	0.615
TCGA.J2.A4AE.01A.21R.A24H.07	0.003	0.086	0.147	0.072	0.115	0.053	0.26	0.135	0.014	0.15	0.469	0.096	0.015	0.092	0.113	0.173	0.081	0.111	0.187	0.262	0.087	0.085	0.271	0.2	0.686
TCGA.J2.A4AG.01A.11R.A24H.07	0	0.044	0.178	0.085	0.096	0.084	0.307	0.096	0.127	0.163	0.47	0.132	0	0.049	0.08	0.19	0.113	0.124	0.208	0.352	0.09	0.036	0.258	0.184	0.759
TCGA.L4.A4E5.01A.11R.A24X.07	0	0.071	0.143	0.115	0.082	0.138	0.28	0.203	0.056	0.167	0.316	0.071	0.085	0.057	0.009	0.166	0.114	0.125	0.113	0.246	0.143	0.028	0.196	0.204	0.654
TCGA.L4.A4E6.01A.11R.A24H.07	0	0.033	0.217	0.086	0.074	0.028	0.277	0.129	0.102	0.135	0.389	0.025	0.025	0.113	0.137	0.311	0.078	0.148	0.425	0.332	0.12	0.039	0.215	0.14	0.885
TCGA.L9.A443.01A.12R.A24H.07	0	0.056	0.21	0.096	0.046	0.056	0.184	0.17	0.087	0.197	0.362	0.093	0.047	0.033	0.095	0.154	0.097	0.09	0.134	0.341	0.142	0.07	0.255	0.179	0.696
TCGA.L9.A444.01A.21R.A24H.07	0	0.048	0.264	0.164	0.121	0.086	0.321	0.219	0.087	0.066	0.393	0.099	0.005	0.031	0.061	0.134	0.132	0.1	0.184	0.375	0.08	0.071	0.211	0.298	0.757
TCGA.L9.A50W.01A.12R.A39D.07	0	0.043	0.12	0.066	0.108	0.092	0.306	0.092	0.089	0.197	0.24	0.069	0.017	0.053	0.093	0.187	0.082	0.107	0.133	0.217	0.164	0.051	0.284	0.168	0.671
TCGA.L9.A5IP.01A.21R.A39D.07	0	0.038	0.177	0.093	0.044	0.162	0.254	0.136	0.02	0.199	0.278	0.05	0.043	0.059	0.124	0.104	0.079	0.155	0.18	0.31	0.19	0.022	0.11	0.185	0.657
TCGA.L9.A743.01A.43R.A39D.07	0	0.061	0.211	0.124	0.156	0.11	0.346	0.162	0.058	0.12	0.413	0.111	0	0.045	0.046	0.219	0.097	0.098	0.221	0.319	0.074	0.058	0.251	0.216	0.748
TCGA.L9.A7SV.01A.11R.A39D.07	0	0	0.13	0.094	0.067	0.119	0.262	0.127	0.128	0.162	0.241	0	0.078	0.059	0.005	0.109	0.151	0.115	0.151	0.278	0.16	0.065	0.209	0.203	0.688
TCGA.L9.A8F4.01A.11R.A39D.07	0	0.084	0.203	0.123	0.136	0.105	0.345	0.18	0.067	0.04	0.418	0.089	0	0.057	0.049	0.13	0.122	0.086	0.184	0.333	0.08	0.105	0.194	0.254	0.692
TCGA.MN.A4N1.01A.11R.A24X.07	0	0.086	0.035	0.087	0.095	0.118	0.193	0.054	0	0.156	0.145	0.019	0.03	0.168	0.057	0.187	0.064	0.233	0.173	0.2	0.148	0	0.196	0.156	0.679
TCGA.MN.A4N4.01A.12R.A24X.07	0	0.073	0.182	0.089	0.088	0.059	0.222	0.099	0.146	0.133	0.256	0.041	0.04	0.074	0.063	0.119	0.11	0.189	0.237	0.414	0.167	0.047	0.147	0.187	0.785
TCGA.MN.A4N5.01A.11R.A24X.07	0	0.039	0.257	0.161	0.055	0.087	0.254	0.214	0.099	0.17	0.341	0.051	0.067	0.006	0.066	0.115	0.125	0.091	0.177	0.338	0.118	0.025	0.229	0.228	0.71
TCGA.MP.A4SV.01A.11R.A24X.07	0	0.08	0.224	0.138	0.105	0.092	0.335	0.203	0.071	0.111	0.379	0.12	0.03	0	0.022	0.159	0.118	0.118	0.193	0.311	0.097	0.038	0.245	0.226	0.734
TCGA.MP.A4SW.01A.21R.A24X.07	0	0.073	0.166	0.074	0.118	0.073	0.267	0.096	0.049	0.147	0.389	0.11	0.007	0.087	0.126	0.192	0.13	0.191	0.259	0.232	0.131	0.022	0.237	0.194	0.783
TCGA.MP.A4SY.01A.21R.A24X.07	0	0.075	0.12	0.01	0.091	0.118	0.287	0.073	0.104	0.193	0.163	0.083	0.042	0.113	0.097	0.247	0.083	0.222	0.285	0.174	0.156	0	0.203	0.101	0.736
TCGA.MP.A4T4.01A.11R.A262.07	0	0.076	0.256	0.144	0.116	0.084	0.328	0.205	0.052	0.094	0.366	0.108	0.012	0.027	0.046	0.176	0.117	0.118	0.242	0.365	0.077	0.077	0.214	0.238	0.774
TCGA.MP.A4T6.01A.32R.A262.07	0	0.073	0.167	0.079	0.102	0.091	0.248	0.153	0.055	0.155	0.392	0.116	0.034	0.024	0.065	0.126	0.097	0.101	0.131	0.303	0.133	0.055	0.28	0.235	0.703
TCGA.MP.A4T7.01A.11R.A24X.07	0	0.072	0.174	0.073	0.079	0.087	0.273	0.135	0.043	0.166	0.413	0.062	0.037	0.057	0.1	0.209	0.076	0.168	0.235	0.307	0.138	0.031	0.206	0.175	0.758
TCGA.MP.A4T8.01A.11R.A24X.07	0.005	0.074	0.133	0.044	0.073	0.155	0.29	0.037	0.058	0.234	0.227	0.079	0.04	0.057	0.053	0.169	0.052	0.157	0.142	0.218	0.165	0.027	0.18	0.166	0.625
TCGA.MP.A4T9.01A.11R.A24X.07	0	0.044	0.179	0.068	0.068	0.064	0.223	0.097	0.113	0.156	0.389	0.088	0.022	0.135	0.099	0.181	0.087	0.151	0.262	0.347	0.144	0.046	0.211	0.173	0.778
TCGA.MP.A4TA.01A.21R.A24X.07	0	0.036	0.214	0.108	0.096	0.113	0.279	0.198	0.065	0.142	0.299	0.095	0.09	0	0.05	0.163	0.129	0.164	0.222	0.311	0.107	0.061	0.145	0.232	0.737
TCGA.MP.A4TC.01A.11R.A24X.07	0	0.029	0.229	0.157	0.068	0.109	0.274	0.193	0.108	0.152	0.257	0.061	0.038	0.08	0.01	0.214	0.049	0.213	0.269	0.359	0.127	0.077	0.143	0.197	0.785
TCGA.MP.A4TD.01A.32R.A262.07	0	0.099	0.135	0.039	0.112	0.079	0.293	0.061	0.09	0.153	0.458	0.101	0	0.075	0.131	0.124	0.157	0.125	0.144	0.334	0.078	0.045	0.248	0.211	0.71
TCGA.MP.A4TE.01A.22R.A466.07	0	0.016	0.107	0.066	0.108	0.234	0.221	0.097	0.005	0.219	0.138	0.056	0.036	0.029	0.155	0.036	0.147	0.115	0.087	0.262	0.244	0.018	0.136	0.217	0.623
TCGA.MP.A4TF.01A.11R.A262.07	0	0	0.181	0.11	0.041	0.161	0.297	0.224	0.094	0.17	0.166	0.052	0.117	0.027	0.027	0.166	0.109	0.16	0.14	0.324	0.171	0.04	0.09	0.203	0.682
TCGA.MP.A4TH.01A.31R.A262.07	0	0.053	0.179	0.099	0.136	0.094	0.325	0.17	0.092	0.14	0.417	0.131	0	0.009	0.107	0.183	0.188	0.061	0.131	0.309	0.042	0.061	0.245	0.252	0.706
TCGA.MP.A4TI.01A.21R.A24X.07	0	0.054	0.255	0.129	0.095	0.1	0.36	0.195	0.073	0.049	0.373	0.109	0	0.067	0.083	0.219	0.098	0.13	0.299	0.353	0.094	0.055	0.193	0.244	0.815
TCGA.MP.A4TJ.01A.51R.A262.07	0	0.077	0.253	0.127	0.148	0.088	0.326	0.192	0.034	0.092	0.442	0.129	0	0.015	0.054	0.186	0.118	0.076	0.193	0.386	0.071	0.092	0.241	0.227	0.749
TCGA.MP.A4TK.01A.11R.A24X.07	0	0.075	0.195	0.064	0.105	0.057	0.311	0.098	0.126	0.128	0.377	0.108	0.012	0.062	0.111	0.205	0.111	0.175	0.241	0.337	0.075	0.046	0.229	0.191	0.783
TCGA.MP.A5C7.01A.11R.A262.07	0	0.086	0.133	0.064	0.049	0.131	0.258	0.12	0.037	0.224	0.267	0.085	0.033	0.056	0.064	0.126	0.078	0.091	0.045	0.317	0.17	0.061	0.185	0.144	0.578
TCGA.NJ.A4YF.01A.12R.A262.07	0	0.039	0.187	0.058	0.078	0.177	0.215	0.061	0.037	0.252	0.318	0.064	0.026	0.003	0.124	0.155	0.103	0.17	0.174	0.118	0.19	0.02	0.138	0.211	0.63
TCGA.NJ.A4YG.01A.22R.A262.07	0	0.092	0.153	0.068	0.072	0.07	0.282	0.151	0.131	0.142	0.308	0.072	0.021	0.085	0.097	0.269	0.069	0.16	0.263	0.276	0.119	0.061	0.212	0.163	0.766
TCGA.NJ.A4YI.01A.11R.A262.07	0	0.113	0.079	0.05	0.084	0.05	0.289	0	0.034	0.148	0.199	0	0.027	0.207	0.056	0.232	0.075	0.231	0.297	0.213	0.211	0.067	0.21	0.109	0.789
TCGA.NJ.A4YP.01A.11R.A262.07	0	0.059	0.209	0.134	0.065	0.122	0.293	0.2	0.094	0.174	0.321	0.076	0.055	0	0.053	0.174	0.063	0.159	0.2	0.314	0.124	0.052	0.17	0.225	0.715
TCGA.NJ.A4YQ.01A.11R.A262.07	0	0.032	0.224	0.117	0.146	0.085	0.298	0.188	0.076	0.112	0.385	0.125	0.06	0	0.122	0.128	0.177	0.075	0.192	0.366	0.07	0.091	0.168	0.266	0.721
TCGA.NJ.A55A.01A.11R.A262.07	0	0.086	0.157	0.041	0.115	0.076	0.29	0.079	0.124	0.148	0.435	0.157	0	0.043	0.076	0.116	0.157	0.03	0.109	0.322	0.087	0.075	0.285	0.25	0.678
TCGA.NJ.A55O.01A.11R.A262.07	0	0.042	0.139	0.036	0.095	0.116	0.259	0.062	0.097	0.165	0.382	0.08	0.008	0.068	0.13	0.266	0.084	0.169	0.326	0.26	0.119	0.042	0.197	0.168	0.794
TCGA.NJ.A55R.01A.11R.A262.07	0	0.132	0.1	0.043	0.112	0.111	0.242	0.093	0.086	0.148	0.332	0.115	0.063	0.015	0.11	0.064	0.215	0.087	0.037	0.27	0.117	0	0.268	0.182	0.621
TCGA.NJ.A7XG.01A.12R.A39D.07	0	0.02	0.087	0.013	0.003	0.12	0.267	0.033	0.069	0.208	0.3	0	0.037	0.056	0.17	0.156	0.068	0.167	0.023	0.213	0.195	0.069	0.252	0.109	0.592
TCGA.O1.A52J.01A.11R.A262.07	0	0.055	0.14	0.054	0.107	0.089	0.314	0.079	0	0.147	0.303	0.019	0	0.074	0.081	0.24	0.114	0.163	0.3	0.198	0.182	0.086	0.257	0.153	0.803
TCGA.S2.AA1A.01A.12R.A39D.07	0	0.065	0.196	0.087	0.161	0.048	0.331	0.115	0.105	0.113	0.458	0.122	0	0.03	0.132	0.15	0.209	0.082	0.12	0.32	0.033	0.067	0.274	0.251	0.72
