CD4_naive	CD8_naive	Tc	Tex	Tr1	nTreg	iTreg	Th1	Th2	Th17	Tfh	Tcm	Tem	NKT	MAIT	DC	B_cell	Monocyte	Macrophage	NK	Neutrophil	Tgd	CD4_T	CD8_T	InfiltrationScore
TCGA.3L.AA1B.01A.11R.A37K.07	0	0.085	0.227	0.087	0.122	0.098	0.382	0.15	0.274	0.168	0.254	0.03	0.024	0.12	0.183	0.107	0.137	0.162	0.166	0.205	0.118	0.015	0.224	0.217	0.65
TCGA.4N.A93T.01A.11R.A37K.07	0	0.034	0.182	0.043	0.058	0.059	0.152	0.177	0.24	0.172	0.308	0.008	0.079	0.097	0.313	0.006	0.156	0.137	0.035	0.07	0.184	0.031	0.217	0.228	0.503
TCGA.4T.AA8H.01A.11R.A41B.07	0	0.002	0.146	0.018	0.003	0.065	0.179	0.173	0.231	0.227	0.274	0.038	0.002	0.154	0.318	0.043	0.112	0.11	0.084	0.147	0.22	0	0.167	0.198	0.527
TCGA.5M.AAT4.01A.11R.A41B.07	0	0.036	0.228	0.086	0.011	0.072	0.187	0.128	0.244	0.194	0.086	0	0	0.15	0.199	0.07	0.092	0.2	0.232	0.063	0.247	0.035	0.118	0.158	0.574
TCGA.5M.AAT5.01A.21R.A41B.07	0	0.054	0.24	0.076	0.044	0.114	0.269	0.197	0.077	0.142	0.25	0	0	0.131	0.211	0.074	0.11	0.173	0.152	0.156	0.215	0.036	0.105	0.157	0.556
TCGA.5M.AAT6.01A.11R.A41B.07	0	0.037	0.399	0.178	0.084	0.087	0.328	0.376	0.2	0.082	0.321	0.013	0.041	0.007	0.199	0.234	0.082	0.223	0.362	0.256	0.081	0.07	0.169	0.247	0.805
TCGA.5M.AATA.01A.31R.A41B.07	0	0.035	0.275	0.134	0.036	0.074	0.264	0.26	0.237	0.129	0.337	0.041	0.03	0.11	0.236	0.098	0.072	0.175	0.216	0.213	0.153	0.039	0.169	0.203	0.632
TCGA.5M.AATE.01A.11R.A41B.07	0	0.061	0.281	0.061	0.086	0.103	0.29	0.168	0.189	0.175	0.156	0	0.012	0.117	0.206	0.149	0.125	0.191	0.172	0.131	0.175	0.028	0.111	0.175	0.598
TCGA.A6.2671.11A.01R.A32Z.07	0	0.001	0.35	0.072	0.011	0	0.151	0.162	0.372	0.235	0.344	0	0.019	0.234	0.267	0.147	0.134	0.099	0.263	0.345	0.178	0.029	0.101	0.241	0.734
TCGA.A6.2675.01A.02R.1723.07	0	0.064	0.343	0.112	0.08	0.102	0.31	0.185	0.27	0.203	0.197	0	0	0.106	0.2	0.245	0.076	0.206	0.395	0.27	0.172	0.012	0.136	0.175	0.814
TCGA.A6.2675.11A.01R.1723.07	0	0.055	0.294	0.034	0.025	0	0.173	0.147	0.264	0.245	0.243	0	0	0.253	0.308	0.124	0.1	0.128	0.218	0.299	0.176	0.006	0.215	0.173	0.697
TCGA.A6.2678.11A.01R.A32Z.07	0	0	0.295	0.049	0.057	0.005	0.24	0.142	0.319	0.253	0.317	0	0.031	0.192	0.312	0.149	0.155	0.107	0.332	0.299	0.177	0	0.142	0.223	0.77
TCGA.A6.2679.11A.01R.A32Z.07	0	0	0.357	0.129	0.073	0.001	0.233	0.29	0.291	0.153	0.384	0.005	0.045	0.176	0.296	0.129	0.163	0.083	0.293	0.35	0.126	0.05	0.167	0.274	0.771
TCGA.A6.2680.11A.01R.A32Z.07	0	0.01	0.276	0.086	0	0	0.157	0.134	0.388	0.194	0.336	0	0.097	0.24	0.213	0.123	0.11	0.103	0.23	0.354	0.176	0.033	0.137	0.238	0.716
TCGA.A6.2682.01A.01R.1410.07	0	0.08	0.238	0.112	0.079	0.133	0.336	0.101	0.192	0.153	0.151	0.015	0.038	0.161	0.181	0.142	0.052	0.182	0.322	0.182	0.195	0.029	0.155	0.136	0.665
TCGA.A6.2682.11A.01R.A32Z.07	0	0	0.317	0.069	0.094	0.013	0.228	0.16	0.359	0.198	0.359	0.008	0.028	0.19	0.271	0.118	0.222	0.098	0.284	0.32	0.18	0	0.136	0.232	0.773
TCGA.A6.2683.11A.01R.A32Z.07	0	0.007	0.321	0.048	0.084	0.004	0.174	0.158	0.34	0.233	0.287	0.047	0.043	0.178	0.315	0.147	0.158	0.098	0.306	0.31	0.182	0	0.126	0.25	0.767
TCGA.A6.2684.01A.01R.1410.07	0	0.074	0.31	0.098	0.089	0.094	0.311	0.208	0.279	0.159	0.248	0.022	0.01	0.145	0.203	0.286	0.087	0.179	0.382	0.248	0.096	0.012	0.186	0.226	0.822
TCGA.A6.2684.11A.01R.A32Z.07	0	0	0.32	0.068	0.091	0	0.209	0.172	0.348	0.185	0.337	0	0.051	0.2	0.302	0.145	0.151	0.091	0.305	0.343	0.183	0	0.146	0.25	0.786
TCGA.A6.2685.01A.01R.1410.07	0	0.042	0.276	0.091	0.1	0.038	0.258	0.084	0.352	0.168	0.349	0	0.004	0.194	0.245	0.226	0.113	0.181	0.422	0.207	0.137	0	0.213	0.186	0.82
TCGA.A6.2685.11A.01R.A32Z.07	0	0	0.315	0.055	0.066	0	0.248	0.181	0.312	0.219	0.394	0	0.044	0.175	0.308	0.121	0.134	0.045	0.232	0.308	0.159	0.024	0.171	0.26	0.695
TCGA.A6.2686.01A.01R.A32Z.07	0	0.02	0.433	0.177	0.114	0.105	0.317	0.343	0.301	0.052	0.339	0.07	0.03	0.016	0.182	0.266	0.102	0.135	0.391	0.32	0.107	0.048	0.129	0.296	0.849
TCGA.A6.2686.11A.01R.A32Z.07	0	0.006	0.36	0.051	0.069	0	0.17	0.196	0.358	0.219	0.285	0.007	0.041	0.202	0.337	0.105	0.124	0.104	0.288	0.366	0.186	0	0.16	0.237	0.764
TCGA.A6.4105.01A.02R.1774.07	0	0.001	0.365	0.19	0.08	0.089	0.317	0.314	0.195	0.112	0.303	0.045	0.029	0.075	0.166	0.219	0.041	0.175	0.381	0.288	0.146	0.052	0.142	0.22	0.785
TCGA.A6.5656.01A.21R.1839.07	0	0.069	0.181	0.098	0.052	0.108	0.276	0.149	0.147	0.125	0.135	0	0.024	0.097	0.096	0.18	0.054	0.234	0.244	0.129	0.226	0.1	0.103	0.152	0.644
TCGA.A6.5657.01A.01R.A32Z.07	0	0.07	0.287	0.053	0.097	0.095	0.273	0.167	0.384	0.089	0.426	0.106	0	0.081	0.184	0.102	0.225	0.082	0.118	0.215	0.087	0.058	0.222	0.268	0.642
TCGA.A6.5659.01A.01R.1653.07	0	0.05	0.228	0.12	0.071	0.092	0.277	0.174	0.248	0.126	0.171	0.021	0.024	0.129	0.14	0.173	0.086	0.141	0.248	0.169	0.161	0.072	0.122	0.2	0.633
TCGA.A6.5659.11A.01R.1653.07	0	0	0.265	0.074	0.078	0.034	0.215	0.139	0.383	0.206	0.33	0.035	0.04	0.179	0.302	0.138	0.166	0.106	0.232	0.284	0.174	0	0.182	0.198	0.721
TCGA.A6.5660.01A.01R.1653.07	0	0.094	0.231	0.11	0.1	0.097	0.309	0.141	0.26	0.165	0.148	0.016	0	0.118	0.17	0.247	0.087	0.21	0.332	0.107	0.204	0.011	0.093	0.143	0.693
TCGA.A6.5661.01A.01R.1653.07	0	0.037	0.248	0.128	0.03	0.181	0.327	0.22	0.219	0.176	0.242	0.041	0.038	0.107	0.21	0.176	0.078	0.142	0.236	0.106	0.173	0	0.057	0.215	0.576
TCGA.A6.5662.01A.01R.1653.07	0.003	0.053	0.223	0.12	0.02	0.07	0.209	0.122	0.298	0.191	0.036	0.006	0.018	0.052	0.194	0.203	0.076	0.208	0.318	0.142	0.185	0.011	0.107	0.107	0.655
TCGA.A6.5662.11A.01R.1653.07	0	0.031	0.259	0.028	0.057	0	0.204	0.105	0.376	0.197	0.426	0.05	0.04	0.177	0.326	0.077	0.151	0.082	0.213	0.298	0.188	0	0.24	0.254	0.732
TCGA.A6.5664.01A.21R.1839.07	0	0.033	0.292	0.095	0.104	0.088	0.324	0.123	0.338	0.177	0.331	0.042	0	0.139	0.179	0.21	0.08	0.187	0.361	0.332	0.107	0.004	0.197	0.212	0.82
TCGA.A6.5665.01A.01R.1653.07	0	0.019	0.377	0.183	0.04	0.191	0.249	0.307	0.358	0.186	0.317	0	0.044	0	0.201	0.156	0.047	0.119	0.224	0.291	0.149	0.04	0.043	0.303	0.648
TCGA.A6.5665.11A.01R.1653.07	0	0.009	0.326	0.054	0.079	0.019	0.211	0.145	0.375	0.181	0.356	0.02	0.042	0.147	0.305	0.126	0.177	0.098	0.252	0.313	0.194	0	0.19	0.223	0.765
TCGA.A6.5666.01A.01R.1653.07	0	0.042	0.222	0.116	0.046	0.098	0.183	0.123	0.183	0.158	0	0	0	0.029	0.161	0.151	0.074	0.206	0.28	0.083	0.282	0.027	0.042	0.168	0.626
TCGA.A6.5667.01A.21R.1723.07	0	0.07	0.235	0.12	0.056	0.118	0.265	0.244	0.233	0.161	0.108	0	0	0.183	0.147	0.184	0.054	0.178	0.294	0.148	0.21	0.028	0.105	0.133	0.635
TCGA.A6.5667.11A.01R.1723.07	0	0.003	0.276	0.097	0.075	0.011	0.207	0.126	0.342	0.224	0.382	0	0.047	0.164	0.294	0.108	0.182	0.087	0.251	0.262	0.166	0	0.18	0.221	0.709
TCGA.A6.6137.01A.11R.1774.07	0	0.078	0.223	0.053	0.144	0.097	0.35	0.152	0.275	0.187	0.332	0.055	0.002	0.128	0.205	0.148	0.113	0.143	0.22	0.216	0.163	0.01	0.189	0.229	0.691
TCGA.A6.6138.01A.11R.1774.07	0	0.025	0.413	0.186	0.098	0.108	0.318	0.338	0.177	0.113	0.304	0.051	0.001	0.007	0.159	0.262	0.099	0.188	0.403	0.31	0.124	0.053	0.13	0.255	0.862
TCGA.A6.6140.01A.11R.1774.07	0	0.045	0.307	0.135	0.069	0.081	0.26	0.23	0.186	0.156	0.3	0.009	0.041	0.098	0.184	0.099	0.093	0.164	0.168	0.231	0.217	0.04	0.134	0.214	0.642
TCGA.A6.6141.01A.11R.1774.07	0	0.07	0.294	0.127	0.112	0.075	0.3	0.274	0.333	0.158	0.352	0.064	0.042	0.052	0.201	0.115	0.129	0.09	0.158	0.299	0.093	0.033	0.187	0.271	0.653
TCGA.A6.6142.01A.11R.1774.07	0	0.093	0.21	0.124	0.038	0.101	0.287	0.109	0.336	0.202	0.062	0	0	0.055	0.14	0.227	0.059	0.226	0.4	0.211	0.191	0.009	0.101	0.148	0.761
TCGA.A6.6648.01A.11R.1774.07	0	0.044	0.231	0.09	0.075	0.123	0.277	0.173	0.232	0.192	0.167	0.001	0.006	0.152	0.293	0.138	0.103	0.173	0.209	0.186	0.235	0.015	0.099	0.162	0.635
TCGA.A6.6649.01A.11R.1774.07	0	0.027	0.275	0.076	0.097	0.117	0.326	0.16	0.317	0.246	0.289	0.031	0	0.167	0.28	0.13	0.11	0.148	0.237	0.286	0.145	0	0.192	0.211	0.71
TCGA.A6.6650.01A.11R.1774.07	0	0.011	0.215	0.102	0.112	0.075	0.218	0.206	0.078	0.198	0.245	0.007	0.025	0.181	0.199	0.088	0.134	0.195	0.224	0.07	0.226	0.01	0.116	0.112	0.567
TCGA.A6.6651.01A.21R.1839.07	0	0.052	0.331	0.103	0.107	0.072	0.324	0.17	0.336	0.141	0.358	0.021	0	0.098	0.171	0.223	0.138	0.2	0.402	0.253	0.081	0.091	0.205	0.288	0.871
TCGA.A6.6652.01A.11R.1774.07	0	0.063	0.212	0.103	0	0.104	0.236	0.189	0.075	0.266	0.192	0	0	0.099	0.121	0.082	0.073	0.178	0.186	0.124	0.243	0.038	0.122	0.144	0.561
TCGA.A6.6653.01A.11R.1774.07	0	0.022	0.318	0.132	0.044	0.153	0.24	0.211	0.278	0.178	0.158	0.005	0.033	0.079	0.175	0.235	0.081	0.205	0.277	0.2	0.196	0.019	0.054	0.203	0.706
TCGA.A6.6654.01A.21R.1839.07	0	0.035	0.381	0.129	0.097	0.102	0.336	0.226	0.287	0.1	0.354	0.057	0	0.056	0.166	0.323	0.062	0.218	0.431	0.255	0.095	0.065	0.169	0.263	0.884
TCGA.A6.6780.01A.11R.1839.07	0	0	0.406	0.205	0.054	0.063	0.277	0.406	0.235	0.066	0.309	0.042	0.041	0	0.191	0.336	0.088	0.184	0.464	0.302	0.099	0.081	0.098	0.28	0.9
TCGA.A6.6781.01A.22R.1928.07	0	0.012	0.42	0.174	0.075	0.078	0.352	0.261	0.303	0.173	0.243	0	0	0	0.218	0.199	0.045	0.237	0.448	0.364	0.129	0.065	0.114	0.228	0.859
TCGA.A6.6782.01A.11R.1839.07	0	0.045	0.376	0.141	0.098	0.051	0.217	0.197	0.287	0.159	0.324	0.047	0.009	0.108	0.151	0.144	0.084	0.194	0.383	0.347	0.135	0.063	0.163	0.221	0.814
TCGA.A6.A565.01A.31R.A28H.07	0	0.037	0.295	0.076	0.097	0.044	0.35	0.179	0.315	0.167	0.403	0.082	0	0.126	0.236	0.101	0.172	0.122	0.202	0.244	0.1	0.022	0.254	0.272	0.714
TCGA.A6.A566.01A.11R.A28H.07	0	0.081	0.28	0.144	0.097	0.102	0.397	0.159	0.231	0.175	0.215	0	0.002	0.088	0.185	0.294	0.051	0.234	0.468	0.201	0.102	0.014	0.165	0.193	0.832
TCGA.A6.A567.01A.31R.A28H.07	0	0.013	0.228	0.053	0	0.135	0.273	0.165	0.241	0.255	0.096	0	0.05	0.171	0.202	0.121	0.096	0.188	0.182	0.23	0.185	0	0.171	0.134	0.636
TCGA.A6.A56B.01A.31R.A28H.07	0	0.095	0.117	0.06	0.043	0.074	0.255	0.124	0.076	0.132	0.172	0	0	0.082	0.157	0.261	0.081	0.259	0.29	0	0.2	0.06	0.117	0.069	0.621
TCGA.A6.A5ZU.01A.11R.A28H.07	0	0.059	0.311	0.139	0.115	0.09	0.345	0.16	0.267	0.126	0.2	0.071	0.042	0.03	0.11	0.195	0.121	0.226	0.373	0.17	0.144	0.052	0.146	0.185	0.759
TCGA.AA.3489.01A.21R.1839.07	0	0.006	0.372	0.164	0.129	0.048	0.304	0.295	0.289	0.104	0.331	0.058	0.016	0.089	0.135	0.166	0.216	0.188	0.388	0.338	0.083	0.068	0.204	0.222	0.879
TCGA.AA.3489.11A.01R.1839.07	0	0	0.376	0.131	0.049	0	0.183	0.318	0.35	0.167	0.33	0.008	0.059	0.175	0.271	0.188	0.111	0.101	0.395	0.337	0.123	0.062	0.162	0.214	0.794
TCGA.AA.3492.01A.01R.1410.07	0	0.006	0.327	0.166	0.056	0.174	0.253	0.295	0.153	0.182	0.191	0.008	0.063	0.076	0.116	0.244	0.053	0.171	0.369	0.277	0.136	0.055	0.054	0.23	0.747
TCGA.AA.3495.01A.01R.1410.07	0	0.019	0.301	0.129	0.105	0.105	0.278	0.221	0.3	0.161	0.28	0.032	0.026	0.141	0.232	0.164	0.108	0.159	0.253	0.263	0.167	0.013	0.145	0.227	0.723
TCGA.AA.3496.01A.21R.1839.07	0	0.028	0.326	0.127	0.101	0.077	0.305	0.317	0.251	0.168	0.263	0.039	0.039	0.109	0.171	0.226	0.109	0.226	0.367	0.245	0.133	0.063	0.155	0.185	0.8
TCGA.AA.3496.11A.01R.1839.07	0	0	0.267	0.089	0.038	0	0.205	0.153	0.362	0.192	0.289	0.007	0.027	0.228	0.308	0.179	0.127	0.127	0.33	0.3	0.15	0.043	0.184	0.221	0.788
TCGA.AA.3502.01A.01R.1410.07	0	0.03	0.232	0.072	0.069	0.108	0.272	0.18	0.334	0.227	0.364	0.012	0.021	0.1	0.239	0.185	0.106	0.158	0.285	0.248	0.125	0	0.14	0.199	0.703
TCGA.AA.3506.01A.01R.1410.07	0	0	0.283	0.127	0.065	0.174	0.314	0.211	0.248	0.147	0.294	0.022	0.011	0.152	0.209	0.15	0.088	0.193	0.279	0.289	0.159	0.027	0.136	0.259	0.755
TCGA.AA.3509.01A.01R.1410.07	0	0.065	0.23	0.151	0.103	0.105	0.284	0.162	0.14	0.161	0.205	0.03	0.018	0.123	0.177	0.168	0.059	0.164	0.325	0.158	0.171	0.043	0.149	0.264	0.71
TCGA.AA.3511.01A.21R.1839.07	0	0.071	0.289	0.066	0.089	0.117	0.314	0.164	0.314	0.225	0.121	0	0.034	0.079	0.205	0.173	0.089	0.205	0.295	0.19	0.188	0.004	0.123	0.153	0.689
TCGA.AA.3511.11A.01R.1839.07	0	0	0.292	0.074	0.1	0.032	0.242	0.163	0.325	0.204	0.387	0.042	0.039	0.153	0.289	0.102	0.313	0.013	0.184	0.305	0.124	0	0.194	0.243	0.719
TCGA.AA.3514.11A.01R.A32Z.07	0	0	0.395	0.12	0.07	0.027	0.205	0.296	0.305	0.187	0.302	0.006	0.055	0.149	0.232	0.126	0.148	0.105	0.321	0.341	0.164	0.055	0.128	0.284	0.787
TCGA.AA.3516.11A.01R.A32Z.07	0	0	0.369	0.109	0.032	0	0.209	0.263	0.341	0.166	0.368	0	0.067	0.204	0.277	0.094	0.125	0.079	0.235	0.37	0.153	0.025	0.165	0.259	0.719
TCGA.AA.3517.11A.01R.A32Z.07	0	0	0.361	0.079	0.095	0.022	0.24	0.193	0.356	0.205	0.371	0.036	0.015	0.155	0.287	0.089	0.273	0.028	0.196	0.359	0.128	0.009	0.164	0.282	0.739
TCGA.AA.3518.11A.01R.1672.07	0	0	0.352	0.038	0.071	0	0.169	0.174	0.347	0.221	0.277	0.023	0.02	0.238	0.315	0.121	0.145	0.104	0.276	0.367	0.193	0	0.142	0.264	0.784
TCGA.AA.3520.11A.01R.A32Z.07	0	0	0.336	0.093	0.078	0.013	0.201	0.205	0.355	0.207	0.331	0.01	0.025	0.174	0.299	0.157	0.186	0.069	0.27	0.337	0.17	0	0.129	0.258	0.767
TCGA.AA.3522.11A.01R.A32Z.07	0	0.003	0.293	0.081	0.069	0.022	0.24	0.167	0.342	0.213	0.244	0	0.029	0.195	0.308	0.137	0.174	0.12	0.312	0.324	0.185	0	0.126	0.22	0.778
TCGA.AA.3525.11A.01R.A32Z.07	0	0	0.347	0.147	0.118	0	0.196	0.31	0.319	0.15	0.354	0.016	0.074	0.156	0.268	0.101	0.245	0.073	0.296	0.332	0.117	0.018	0.161	0.277	0.779
TCGA.AA.3526.01A.02R.A32Z.07	0	0	0.302	0.19	0.078	0.139	0.313	0.27	0.263	0.08	0.306	0.039	0.045	0.088	0.175	0.211	0.062	0.18	0.307	0.268	0.129	0.049	0.115	0.243	0.738
TCGA.AA.3527.11A.01R.A32Z.07	0	0	0.326	0.1	0.076	0.02	0.19	0.206	0.347	0.2	0.299	0.003	0.017	0.192	0.296	0.155	0.14	0.124	0.333	0.325	0.171	0.002	0.134	0.248	0.794
TCGA.AA.3531.11A.01R.A32Z.07	0	0	0.331	0.078	0.05	0.003	0.173	0.157	0.373	0.204	0.333	0.002	0.09	0.208	0.26	0.071	0.221	0.066	0.217	0.36	0.176	0	0.174	0.232	0.738
TCGA.AA.3534.11A.01R.A32Z.07	0	0.004	0.348	0.066	0.117	0	0.232	0.17	0.349	0.2	0.305	0.037	0.027	0.177	0.289	0.136	0.214	0.104	0.284	0.336	0.148	0	0.18	0.26	0.809
TCGA.AA.3655.01A.02R.1723.07	0	0.037	0.262	0.101	0.108	0.126	0.284	0.193	0.244	0.209	0.182	0.026	0.035	0.114	0.146	0.232	0.054	0.206	0.313	0.168	0.156	0.001	0.173	0.151	0.707
TCGA.AA.3655.11A.01R.1723.07	0	0	0.288	0.108	0.063	0	0.179	0.25	0.354	0.203	0.328	0.008	0.064	0.208	0.3	0.136	0.141	0.06	0.291	0.333	0.129	0.008	0.184	0.278	0.755
TCGA.AA.3660.01A.01R.1723.07	0	0.077	0.238	0.127	0.109	0.081	0.297	0.125	0.281	0.169	0.138	0	0.028	0.155	0.21	0.188	0.109	0.169	0.258	0.213	0.185	0.028	0.126	0.173	0.692
TCGA.AA.3660.11A.01R.1723.07	0	0	0.326	0.06	0.067	0	0.198	0.193	0.356	0.242	0.319	0.007	0.082	0.176	0.308	0.155	0.167	0.087	0.27	0.355	0.151	0.012	0.143	0.279	0.782
TCGA.AA.3662.01A.01R.1723.07	0	0.075	0.302	0.165	0.038	0.116	0.333	0.176	0.247	0.161	0.096	0	0.036	0.085	0.188	0.2	0.096	0.216	0.333	0.268	0.201	0.028	0.088	0.175	0.768
TCGA.AA.3662.11A.01R.1723.07	0	0	0.324	0.093	0.054	0.001	0.213	0.143	0.364	0.273	0.289	0	0.041	0.138	0.298	0.191	0.146	0.111	0.314	0.347	0.152	0.022	0.162	0.245	0.813
TCGA.AA.3663.01A.01R.1723.07	0	0	0.308	0.136	0.098	0.203	0.312	0.236	0.172	0.086	0.124	0	0.057	0.121	0.199	0.254	0.047	0.213	0.388	0.168	0.163	0.027	0.001	0.194	0.695
TCGA.AA.3663.11A.01R.1723.07	0	0.018	0.286	0.05	0.081	0.015	0.206	0.14	0.348	0.206	0.364	0.007	0.028	0.216	0.324	0.114	0.154	0.13	0.323	0.293	0.16	0	0.217	0.22	0.784
TCGA.AA.3675.01A.02R.0905.07	0	0.033	0.192	0.116	0.013	0.157	0.31	0.209	0.12	0.216	0.182	0.025	0.015	0.141	0.209	0.174	0.041	0.166	0.255	0.2	0.191	0.008	0.147	0.119	0.629
TCGA.AA.3685.01A.02R.A32Z.07	0	0	0.337	0.171	0.09	0.095	0.291	0.323	0.221	0.114	0.325	0.024	0.046	0.094	0.245	0.203	0.104	0.167	0.351	0.342	0.135	0.025	0.093	0.246	0.798
TCGA.AA.3697.01A.01R.1723.07	0	0.012	0.269	0.12	0.104	0.107	0.308	0.185	0.266	0.147	0.276	0.043	0.021	0.116	0.188	0.212	0.12	0.171	0.283	0.186	0.204	0.006	0.113	0.19	0.72
TCGA.AA.3697.11A.01R.1723.07	0	0.013	0.309	0.093	0.086	0.037	0.264	0.176	0.338	0.187	0.336	0	0.011	0.229	0.263	0.242	0.154	0.115	0.36	0.289	0.146	0.018	0.162	0.211	0.817
TCGA.AA.3712.01A.21R.1723.07	0	0.056	0.315	0.182	0.041	0.128	0.33	0.288	0.152	0.122	0.076	0	0.015	0.126	0.167	0.219	0.049	0.227	0.3	0.216	0.175	0.033	0.078	0.169	0.697
TCGA.AA.3712.11A.01R.1723.07	0	0	0.292	0.074	0.081	0.004	0.238	0.11	0.342	0.238	0.329	0	0.062	0.166	0.299	0.158	0.159	0.125	0.33	0.267	0.168	0	0.168	0.226	0.779
TCGA.AA.3713.01A.21R.1723.07	0	0.04	0.359	0.137	0.074	0.126	0.34	0.281	0.241	0.122	0.282	0.03	0.046	0.075	0.242	0.176	0.108	0.193	0.314	0.278	0.149	0.002	0.145	0.212	0.767
TCGA.AA.3713.11A.01R.1723.07	0	0	0.324	0.057	0.027	0	0.227	0.169	0.379	0.208	0.35	0.007	0.049	0.197	0.329	0.183	0.104	0.121	0.372	0.361	0.153	0.006	0.104	0.244	0.8
TCGA.AA.A01P.01A.21R.A083.07	0	0.007	0.427	0.235	0.08	0.16	0.247	0.355	0.301	0.07	0.339	0.053	0.027	0.011	0.127	0.197	0.11	0.135	0.318	0.326	0.075	0.082	0.15	0.319	0.794
TCGA.AA.A01X.01A.21R.A083.07	0	0	0.243	0.086	0.027	0.098	0.331	0.142	0.194	0.246	0.262	0.042	0.031	0.132	0.158	0.114	0.134	0.124	0.148	0.191	0.148	0	0.219	0.222	0.633
TCGA.AA.A01Z.01A.11R.A083.07	0	0	0.025	0.046	0.025	0.108	0.232	0.182	0.091	0.187	0.224	0.004	0.031	0.167	0.141	0.128	0.106	0.173	0.247	0.142	0.232	0	0.08	0.065	0.571
TCGA.AA.A02K.01A.03R.A32Y.07	0	0.037	0.14	0.127	0.005	0.073	0.26	0.092	0.085	0.149	0.111	0	0.043	0.083	0.246	0.143	0.098	0.226	0.288	0.101	0.252	0.02	0.079	0.198	0.674
TCGA.AA.A02Y.01A.43R.A32Y.07	0	0	0.306	0.154	0	0.162	0.263	0.362	0.249	0.096	0.334	0	0.057	0.121	0.207	0.107	0.046	0.11	0.154	0.273	0.196	0.044	0.061	0.276	0.595
TCGA.AD.5900.01A.11R.1653.07	0	0.075	0.412	0.122	0.065	0.143	0.345	0.259	0.355	0.163	0.202	0	0	0.021	0.187	0.221	0.096	0.169	0.315	0.268	0.094	0.066	0.09	0.27	0.741
TCGA.AD.6548.01A.11R.1839.07	0	0.039	0.344	0.161	0.028	0.082	0.296	0.322	0.216	0.136	0.247	0.013	0.024	0.128	0.205	0.28	0.045	0.203	0.354	0.252	0.153	0.044	0.116	0.19	0.775
TCGA.AD.6888.01A.11R.1928.07	0	0.02	0.212	0.134	0	0.156	0.219	0.146	0.168	0.155	0.053	0	0	0.125	0.21	0.083	0.11	0.143	0.113	0.183	0.259	0.047	0.014	0.234	0.554
TCGA.AD.6889.01A.11R.1928.07	0	0	0.253	0.121	0.014	0.178	0.249	0.215	0.242	0.174	0.208	0	0.053	0.11	0.247	0.174	0	0.131	0.233	0.266	0.187	0.013	0.127	0.16	0.622
TCGA.AD.6890.01A.11R.1928.07	0	0.072	0.283	0.129	0.073	0.084	0.291	0.22	0.151	0.157	0.204	0	0.023	0.151	0.153	0.149	0.084	0.159	0.209	0.249	0.158	0.074	0.105	0.204	0.641
TCGA.AD.6895.01A.11R.1928.07	0	0	0.392	0.183	0	0.101	0.232	0.349	0.29	0.163	0.301	0	0.067	0.048	0.2	0.167	0.055	0.141	0.271	0.314	0.113	0.054	0.141	0.237	0.7
TCGA.AD.6899.01A.11R.1928.07	0	0.044	0.36	0.132	0.096	0.07	0.306	0.272	0.292	0.143	0.267	0.046	0.001	0.128	0.242	0.195	0.104	0.172	0.365	0.279	0.098	0.028	0.164	0.245	0.789
TCGA.AD.6901.01A.11R.1928.07	0	0.036	0.357	0.138	0.068	0.048	0.212	0.28	0.299	0.155	0.334	0	0.062	0.044	0.183	0.214	0.022	0.205	0.364	0.268	0.097	0.072	0.175	0.237	0.77
TCGA.AD.6963.01A.11R.1928.07	0	0.038	0.303	0.197	0.012	0.148	0.298	0.318	0.206	0.144	0.257	0.034	0.026	0.096	0.134	0.138	0.054	0.181	0.234	0.269	0.192	0.072	0.07	0.277	0.689
TCGA.AD.6964.01A.11R.1928.07	0	0.02	0.377	0.187	0.085	0.066	0.282	0.352	0.249	0.125	0.326	0.048	0.019	0.036	0.205	0.234	0.117	0.183	0.419	0.311	0.085	0.071	0.138	0.285	0.862
TCGA.AD.6965.01A.11R.1928.07	0	0.121	0.272	0.095	0.06	0.092	0.273	0.205	0.275	0.123	0.168	0	0.01	0.129	0.203	0.134	0.134	0.143	0.224	0.14	0.166	0.047	0.099	0.254	0.63
TCGA.AD.A5EJ.01A.11R.A28H.07	0	0	0.312	0.181	0	0.136	0.244	0.245	0.261	0.23	0.056	0	0.051	0.075	0.213	0.228	0.06	0.181	0.293	0.247	0.181	0.032	0.007	0.204	0.682
TCGA.AD.A5EK.01A.11R.A28H.07	0	0.088	0.252	0.086	0.044	0.12	0.252	0.207	0.181	0.153	0.241	0.016	0.001	0.049	0.207	0.142	0.054	0.186	0.212	0.221	0.165	0.044	0.139	0.129	0.607
TCGA.AM.5820.01A.01R.1653.07	0	0.041	0.277	0.082	0.128	0.029	0.033	0.108	0.273	0.154	0	0	0	0.151	0.17	0.233	0.077	0.253	0.401	0.097	0.237	0	0.07	0.103	0.716
TCGA.AM.5821.01A.01R.1653.07	0	0	0.436	0.208	0.041	0.214	0.298	0.359	0.271	0.088	0.171	0.037	0.093	0	0.069	0.269	0.059	0.186	0.354	0.29	0.13	0.064	0.019	0.273	0.769
TCGA.AU.3779.01A.01R.1723.07	0	0.038	0.296	0.121	0.117	0.085	0.301	0.238	0.187	0.165	0.378	0.094	0.011	0.078	0.177	0.198	0.103	0.157	0.267	0.249	0.155	0.015	0.168	0.201	0.729
TCGA.AU.6004.01A.11R.1723.07	0	0.046	0.325	0.141	0.075	0.133	0.329	0.271	0.266	0.175	0.248	0.026	0.02	0.059	0.2	0.233	0.102	0.203	0.368	0.234	0.13	0.022	0.137	0.232	0.798
TCGA.AY.5543.01A.01R.1653.07	0	0.008	0.272	0.145	0.034	0.096	0.245	0.272	0.187	0.166	0.357	0.029	0.052	0.11	0.227	0.186	0.128	0.157	0.222	0.231	0.148	0.028	0.127	0.192	0.677
TCGA.AY.6196.01A.11R.1723.07	0	0.026	0.373	0.163	0.122	0.071	0.334	0.263	0.281	0.101	0.449	0.062	0	0.001	0.188	0.138	0.128	0.173	0.427	0.336	0.021	0.084	0.207	0.282	0.833
TCGA.AY.6197.01A.11R.1723.07	0	0.058	0.345	0.103	0.079	0.215	0.388	0.264	0.155	0.176	0.299	0.023	0	0.063	0.166	0.156	0.057	0.146	0.238	0.239	0.173	0.019	0.086	0.213	0.636
TCGA.AY.6386.01A.21R.1723.07	0	0.025	0.288	0.071	0.099	0.102	0.266	0.169	0.355	0.211	0.26	0.045	0	0.154	0.215	0.185	0.096	0.148	0.23	0.227	0.163	0	0.134	0.215	0.681
TCGA.AY.A54L.01A.11R.A28H.07	0	0.028	0.199	0.112	0	0.095	0.233	0.179	0.208	0.141	0.244	0	0.024	0.105	0.178	0.048	0.11	0.114	0.072	0.169	0.211	0.063	0.055	0.196	0.474
TCGA.AY.A69D.01A.11R.A37K.07	0	0.072	0.233	0.084	0.107	0.073	0.31	0.151	0.212	0.143	0.295	0.019	0.009	0.137	0.299	0.078	0.122	0.141	0.18	0.163	0.155	0.021	0.185	0.165	0.578
TCGA.AY.A71X.01A.12R.A37K.07	0	0.054	0.129	0.082	0	0.138	0.26	0.113	0.3	0.2	0.132	0	0.048	0.099	0.239	0.079	0.064	0.154	0.115	0.184	0.188	0.027	0.143	0.168	0.532
TCGA.AY.A8YK.01A.11R.A41B.07	0	0.055	0.193	0.113	0.112	0.082	0.252	0.137	0.155	0.196	0.153	0.027	0.011	0.095	0.192	0.121	0.12	0.194	0.202	0.179	0.226	0.026	0.161	0.125	0.646
TCGA.AZ.4313.01A.01R.1410.07	0	0	0.221	0.152	0	0.2	0.285	0.197	0.109	0.214	0.074	0	0.054	0.074	0.224	0.105	0.069	0.166	0.137	0.187	0.187	0.043	0.029	0.226	0.538
TCGA.AZ.4315.01A.01R.1410.07	0	0.006	0.274	0.179	0	0.111	0.227	0.243	0.228	0.21	0.108	0	0.099	0.077	0.235	0.234	0.089	0.197	0.333	0.178	0.119	0.031	0.061	0.205	0.689
TCGA.AZ.4323.01A.21R.1839.07	0	0.065	0.306	0.12	0.121	0.055	0.321	0.22	0.339	0.055	0.44	0.086	0	0.081	0.272	0.071	0.261	0	0.087	0.276	0	0.045	0.27	0.34	0.635
TCGA.AZ.4614.01A.01R.1410.07	0	0.076	0.255	0.153	0	0.154	0.224	0.225	0.231	0.16	0.171	0	0.026	0	0.21	0.05	0.091	0.139	0.129	0.157	0.189	0.064	0.044	0.235	0.503
TCGA.AZ.4615.01A.01R.1410.07	0	0	0.434	0.205	0.064	0.14	0.316	0.37	0.191	0.081	0.288	0.022	0.054	0.005	0.191	0.234	0.031	0.181	0.331	0.258	0.096	0.09	0.084	0.294	0.734
TCGA.AZ.4616.01A.21R.1839.07	0	0	0.354	0.186	0	0.104	0.228	0.251	0.376	0.124	0.178	0	0.036	0.063	0.22	0.174	0.048	0.156	0.251	0.318	0.136	0.066	0.085	0.271	0.7
TCGA.AZ.4682.01B.01R.A32Z.07	0	0.038	0.242	0.107	0	0.059	0.193	0.183	0.305	0.177	0.231	0.001	0.047	0.16	0.191	0.122	0.066	0.152	0.193	0.232	0.215	0.051	0.084	0.197	0.613
TCGA.AZ.4684.01A.01R.1410.07	0	0.047	0.287	0.086	0.09	0.074	0.24	0.145	0.281	0.186	0.378	0.073	0	0.122	0.265	0.2	0.079	0.162	0.27	0.212	0.181	0	0.125	0.261	0.725
TCGA.AZ.5403.01A.01R.1653.07	0	0.087	0.208	0.15	0.064	0.067	0.163	0.135	0.268	0.171	0.015	0	0	0.161	0.229	0.272	0.033	0.178	0.307	0.135	0.208	0	0.081	0.129	0.654
TCGA.AZ.5407.01A.01R.1723.07	0	0.051	0.25	0.028	0.067	0.166	0.263	0.159	0.313	0.206	0.404	0.062	0.015	0.125	0.268	0.109	0.125	0.104	0.19	0.241	0.123	0.028	0.124	0.303	0.642
TCGA.AZ.6598.01A.11R.1774.07	0	0	0.385	0.158	0	0.137	0.285	0.264	0.308	0.083	0.165	0	0.059	0.092	0.135	0.263	0.067	0.203	0.383	0.277	0.155	0.052	0	0.233	0.77
TCGA.AZ.6598.11A.01R.1774.07	0	0.028	0.311	0.051	0.038	0	0.185	0.153	0.361	0.212	0.41	0	0.016	0.218	0.295	0.061	0.179	0.107	0.143	0.354	0.151	0.033	0.209	0.229	0.697
TCGA.AZ.6599.01A.11R.1774.07	0	0.011	0.242	0.042	0	0.067	0.159	0.176	0.308	0.207	0.245	0	0.036	0.106	0.221	0.008	0.158	0.063	0.026	0.302	0.176	0.026	0.169	0.185	0.528
TCGA.AZ.6599.11A.01R.1774.07	0	0.015	0.294	0.071	0.059	0	0.147	0.142	0.302	0.248	0.268	0	0.019	0.246	0.31	0.119	0.101	0.183	0.316	0.299	0.188	0	0.124	0.191	0.74
TCGA.AZ.6600.01A.11R.1774.07	0	0.02	0.261	0.094	0.117	0.064	0.248	0.139	0.302	0.185	0.269	0.073	0	0.167	0.223	0.221	0.131	0.203	0.362	0.144	0.125	0	0.139	0.234	0.758
TCGA.AZ.6600.11A.01R.1774.07	0	0.015	0.267	0.097	0.078	0.014	0.235	0.128	0.317	0.253	0.341	0	0.009	0.214	0.289	0.09	0.187	0.072	0.21	0.266	0.159	0	0.147	0.23	0.663
TCGA.AZ.6601.01A.11R.1774.07	0	0	0.376	0.197	0.073	0.165	0.277	0.355	0.31	0.102	0.296	0.052	0.043	0.007	0.15	0.236	0.103	0.204	0.403	0.304	0.11	0.024	0.147	0.277	0.868
TCGA.AZ.6601.11A.01R.1774.07	0	0.03	0.29	0.057	0.082	0.02	0.207	0.168	0.357	0.234	0.323	0.038	0.039	0.198	0.269	0.097	0.192	0.095	0.149	0.295	0.152	0	0.217	0.249	0.704
TCGA.AZ.6603.01A.11R.1839.07	0	0.05	0.308	0.127	0.079	0.076	0.279	0.258	0.266	0.156	0.232	0.008	0.034	0.161	0.165	0.149	0.089	0.186	0.328	0.212	0.161	0.045	0.171	0.192	0.724
TCGA.AZ.6603.11A.02R.1839.07	0	0	0.362	0.145	0.061	0.015	0.244	0.283	0.315	0.15	0.29	0	0.018	0.201	0.268	0.179	0.093	0.163	0.407	0.325	0.11	0.056	0.214	0.216	0.831
TCGA.AZ.6605.01A.11R.1839.07	0	0.093	0.312	0.106	0.093	0.071	0.304	0.211	0.337	0.124	0.303	0.033	0.002	0.11	0.287	0.212	0.115	0.178	0.297	0.257	0.116	0.036	0.186	0.226	0.772
TCGA.AZ.6605.11A.01R.1839.07	0	0.072	0.227	0.052	0	0	0.095	0.104	0.355	0.162	0.171	0	0	0.215	0.349	0.078	0.076	0.167	0.243	0.242	0.157	0.06	0.18	0.205	0.656
TCGA.AZ.6606.01A.11R.1839.07	0	0.057	0.204	0.067	0.021	0.189	0.269	0.212	0.138	0.204	0.196	0.019	0.053	0.077	0.233	0.134	0.108	0.107	0.17	0.179	0.203	0	0.146	0.163	0.589
TCGA.AZ.6607.01A.11R.1839.07	0	0.021	0.386	0.123	0.071	0.11	0.334	0.22	0.385	0.226	0.311	0.018	0	0.024	0.126	0.205	0.021	0.194	0.338	0.297	0.094	0.055	0.116	0.207	0.717
TCGA.AZ.6608.01A.11R.1839.07	0	0.017	0.156	0.112	0	0.16	0.258	0.162	0.163	0.126	0.171	0	0.032	0.068	0.188	0.134	0.104	0.155	0.15	0.154	0.214	0.043	0.117	0.159	0.577
TCGA.CA.5254.01A.21R.1839.07	0	0.043	0.261	0.073	0.055	0.188	0.245	0.23	0.29	0.202	0.24	0.004	0.041	0	0.219	0.121	0.125	0.2	0.274	0.155	0.159	0.017	0.126	0.252	0.686
TCGA.CA.5255.01A.11R.1839.07	0	0.024	0.217	0.074	0	0.203	0.187	0.196	0.357	0.229	0.151	0	0.071	0.117	0.203	0.141	0.046	0.148	0.157	0.164	0.181	0	0.085	0.26	0.576
TCGA.CA.5256.01A.01R.1410.07	0	0	0.274	0.159	0.069	0.112	0.186	0.234	0.273	0.144	0.337	0.048	0.077	0.066	0.18	0.153	0.087	0.137	0.252	0.207	0.129	0.094	0.1	0.285	0.657
TCGA.CA.5796.01A.01R.1653.07	0	0.008	0.262	0.079	0.031	0.123	0.213	0.201	0.332	0.308	0.28	0.05	0.032	0.085	0.295	0.186	0.082	0.136	0.21	0.258	0.15	0	0.077	0.222	0.643
TCGA.CA.5797.01A.01R.1653.07	0	0.075	0.287	0.106	0.094	0.124	0.285	0.242	0.298	0.147	0.108	0.018	0.019	0.067	0.152	0.222	0.089	0.191	0.303	0.151	0.177	0.047	0.076	0.199	0.686
TCGA.CA.6715.01A.21R.1839.07	0	0.045	0.198	0.092	0.036	0.094	0.173	0.128	0.13	0.24	0.067	0	0	0.134	0.174	0.097	0.109	0.194	0.162	0.171	0.246	0	0.076	0.162	0.592
TCGA.CA.6716.01A.11R.1839.07	0	0.09	0.042	0.089	0.07	0.101	0.263	0.176	0.019	0.189	0.134	0.046	0	0.132	0.125	0.107	0.073	0.162	0.196	0.054	0.182	0.016	0.159	0.122	0.512
TCGA.CA.6717.01A.11R.1839.07	0	0.053	0.342	0.133	0.108	0.101	0.315	0.252	0.342	0.111	0.311	0.047	0	0.071	0.24	0.204	0.133	0.144	0.351	0.309	0.074	0.04	0.163	0.274	0.804
TCGA.CA.6718.01A.11R.1839.07	0	0	0.411	0.203	0.074	0.117	0.297	0.37	0.308	0.057	0.303	0.065	0.075	0	0.128	0.206	0.115	0.173	0.359	0.299	0.094	0.068	0.162	0.273	0.818
TCGA.CA.6719.01A.11R.1839.07	0	0.11	0.328	0.107	0.091	0.098	0.31	0.194	0.344	0.142	0.196	0.003	0.001	0.068	0.158	0.221	0.051	0.194	0.358	0.188	0.12	0.075	0.104	0.266	0.731
TCGA.CK.4947.01B.11R.1653.07	0	0.075	0.311	0.109	0.113	0.125	0.325	0.176	0.246	0.186	0.333	0.088	0	0.083	0.185	0.19	0.118	0.169	0.305	0.213	0.116	0.003	0.13	0.251	0.726
TCGA.CK.4948.01B.11R.1653.07	0	0.055	0.269	0.122	0.092	0.14	0.337	0.178	0.215	0.194	0.175	0.017	0	0.125	0.139	0.245	0.032	0.214	0.326	0.265	0.211	0.003	0.147	0.146	0.772
TCGA.CK.4950.01A.01R.1723.07	0	0.014	0.313	0.114	0.074	0.092	0.281	0.191	0.263	0.177	0.363	0.038	0	0.18	0.28	0.16	0.108	0.125	0.25	0.271	0.165	0.024	0.109	0.258	0.703
TCGA.CK.4951.01A.01R.1410.07	0	0.052	0.353	0.171	0.069	0.122	0.336	0.373	0.218	0.12	0.226	0.009	0.028	0.071	0.199	0.245	0.054	0.16	0.336	0.262	0.134	0.011	0.145	0.211	0.753
TCGA.CK.4952.01A.01R.1723.07	0	0.03	0.185	0.117	0.016	0.126	0.234	0.178	0.156	0.212	0.078	0.028	0	0.133	0.126	0.255	0.077	0.213	0.351	0.067	0.263	0	0.059	0.07	0.659
TCGA.CK.5912.01A.11R.1653.07	0	0.07	0.209	0.09	0.112	0.106	0.278	0.153	0.066	0.211	0.184	0.084	0.01	0.12	0.129	0.163	0.115	0.173	0.224	0.178	0.187	0	0.132	0.089	0.614
TCGA.CK.5913.01A.11R.1653.07	0	0.038	0.313	0.14	0.07	0.175	0.357	0.215	0.331	0.252	0.091	0.008	0.037	0.007	0.208	0.221	0.056	0.169	0.325	0.263	0.169	0	0.114	0.197	0.737
TCGA.CK.5914.01A.11R.1653.07	0	0.043	0.352	0.178	0.043	0.126	0.308	0.34	0.161	0.075	0.214	0	0.056	0.102	0.116	0.193	0.055	0.194	0.276	0.224	0.176	0.048	0.049	0.198	0.665
TCGA.CK.5915.01A.11R.1653.07	0.005	0.087	0.056	0.074	0.112	0.101	0.212	0.166	0.033	0.269	0.101	0.028	0	0.033	0.046	0.142	0.093	0.186	0.219	0.088	0.218	0.014	0.067	0.085	0.534
TCGA.CK.5916.01A.11R.1653.07	0	0	0.402	0.188	0.053	0.122	0.358	0.335	0.273	0.111	0.24	0.047	0.02	0.037	0.208	0.229	0.091	0.138	0.374	0.302	0.114	0.047	0.089	0.237	0.766
TCGA.CK.6746.01A.11R.1839.07	0	0	0.384	0.162	0.054	0.151	0.344	0.405	0.25	0.037	0.235	0.004	0.034	0	0.263	0.3	0.048	0.138	0.384	0.246	0.119	0.076	0.111	0.23	0.767
TCGA.CK.6747.01A.11R.1839.07	0	0.075	0.248	0.108	0.075	0.11	0.292	0.186	0.318	0.217	0.219	0.031	0.032	0.088	0.261	0.136	0.075	0.153	0.233	0.214	0.136	0.011	0.118	0.195	0.614
TCGA.CK.6748.01A.11R.1839.07	0	0.106	0.266	0.113	0.074	0.091	0.253	0.131	0.396	0.134	0.091	0	0	0.061	0.171	0.271	0.028	0.247	0.42	0.083	0.146	0.007	0.104	0.158	0.71
TCGA.CK.6751.01A.11R.1839.07	0	0.086	0.312	0.114	0.066	0.113	0.305	0.227	0.172	0.234	0.236	0	0	0.149	0.182	0.174	0.049	0.168	0.228	0.201	0.131	0.03	0.119	0.17	0.603
TCGA.CM.4743.01A.01R.1723.07	0	0	0.354	0.184	0	0.147	0.179	0.315	0.22	0.186	0.151	0	0.091	0.035	0.214	0.116	0.124	0.149	0.179	0.256	0.165	0.046	0.116	0.211	0.641
TCGA.CM.4744.01A.01R.A32Z.07	0	0.023	0.319	0.188	0	0.193	0.251	0.356	0.329	0.035	0.314	0	0.065	0.05	0.194	0.15	0.098	0.119	0.223	0.281	0.11	0.087	0.007	0.347	0.65
TCGA.CM.4747.01A.01R.1410.07	0	0.07	0.262	0.072	0.092	0.061	0.121	0.156	0.348	0.182	0.223	0.028	0.023	0.053	0.208	0.164	0.062	0.176	0.264	0.098	0.171	0.021	0.18	0.199	0.639
TCGA.CM.4751.01A.02R.1839.07	0	0.06	0.337	0.132	0.073	0.082	0.315	0.267	0.295	0.159	0.329	0.03	0.02	0.131	0.232	0.19	0.112	0.127	0.246	0.303	0.084	0.023	0.172	0.234	0.715
TCGA.CM.5344.01A.21R.1723.07	0	0.074	0.231	0.077	0.01	0.157	0.267	0.17	0.289	0.172	0	0	0	0.172	0.203	0.218	0.084	0.244	0.279	0.215	0.207	0	0.093	0.161	0.73
TCGA.CM.5348.01A.21R.1723.07	0	0.086	0.277	0.112	0.092	0.098	0.328	0.113	0.315	0.176	0.155	0	0.048	0.154	0.138	0.272	0.055	0.224	0.409	0.187	0.134	0.023	0.175	0.171	0.792
TCGA.CM.5349.01A.21R.1723.07	0	0.076	0.3	0.135	0.088	0.016	0.188	0.245	0.343	0.142	0.069	0.002	0	0.098	0.158	0.301	0.152	0.271	0.386	0.111	0.13	0.04	0.173	0.106	0.793
TCGA.CM.5860.01A.01R.1653.07	0	0.109	0.267	0.117	0.105	0.118	0.323	0.169	0.228	0.1	0.163	0	0	0.074	0.234	0.302	0.052	0.222	0.358	0.225	0.147	0.035	0.067	0.169	0.75
TCGA.CM.5861.01A.01R.1653.07	0	0.002	0.237	0.167	0	0.148	0.231	0.226	0.265	0.213	0.032	0	0.095	0	0.212	0.162	0.054	0.165	0.242	0.193	0.182	0.019	0.033	0.227	0.612
TCGA.CM.5862.01A.01R.1653.07	0	0.145	0.239	0.117	0.092	0.138	0.306	0.066	0.174	0.146	0	0	0.002	0.066	0.142	0.123	0.047	0.185	0.232	0.25	0.22	0.02	0.032	0.13	0.593
TCGA.CM.5863.01A.21R.1839.07	0	0.008	0.265	0.103	0.081	0.07	0.2	0.126	0.392	0.228	0.192	0.027	0.022	0.174	0.233	0.172	0.058	0.197	0.325	0.241	0.161	0	0.143	0.167	0.712
TCGA.CM.5864.01A.01R.1653.07	0	0.04	0.253	0.128	0.011	0.171	0.265	0.255	0.21	0.181	0.268	0.032	0.043	0.092	0.223	0.129	0.062	0.134	0.186	0.218	0.165	0.026	0.086	0.253	0.6
TCGA.CM.5868.01A.01R.1653.07	0	0.095	0.185	0.089	0.017	0.032	0.165	0.143	0.325	0.237	0.078	0	0.016	0.158	0.138	0.226	0.09	0.246	0.314	0.019	0.184	0.031	0.102	0.181	0.662
TCGA.CM.6161.01A.11R.1653.07	0	0.086	0.293	0.117	0.077	0.088	0.308	0.198	0.22	0.142	0.323	0.054	0	0.129	0.249	0.193	0.089	0.148	0.287	0.235	0.109	0.048	0.15	0.247	0.709
TCGA.CM.6162.01A.11R.1653.07	0	0.045	0.314	0.139	0.075	0.125	0.352	0.209	0.323	0.169	0.29	0.018	0	0.108	0.19	0.211	0.085	0.222	0.43	0.277	0.138	0.003	0.136	0.214	0.834
TCGA.CM.6163.01A.11R.1653.07	0	0.065	0.292	0.079	0.124	0.088	0.322	0.21	0.286	0.203	0.292	0.069	0.042	0.06	0.202	0.166	0.118	0.162	0.285	0.176	0.158	0.02	0.172	0.247	0.722
TCGA.CM.6164.01A.11R.1653.07	0	0.057	0.335	0.148	0.026	0.052	0.256	0.208	0.342	0.149	0.167	0	0.019	0.18	0.132	0.114	0.069	0.147	0.211	0.2	0.164	0.068	0.148	0.186	0.603
TCGA.CM.6165.01A.11R.1653.07	0	0.077	0.273	0.084	0.095	0.086	0.288	0.235	0.336	0.179	0.166	0.04	0.031	0.088	0.209	0.204	0.109	0.193	0.336	0.202	0.142	0.02	0.155	0.175	0.738
TCGA.CM.6166.01A.11R.1653.07	0	0.123	0.191	0.108	0.061	0.055	0.211	0.172	0.212	0.22	0.051	0	0	0.131	0.16	0.144	0.097	0.164	0.164	0.047	0.198	0.031	0.113	0.152	0.525
TCGA.CM.6167.01A.11R.1653.07	0	0.073	0.28	0.061	0.1	0.082	0.315	0.126	0.339	0.167	0.327	0.022	0	0.193	0.224	0.159	0.137	0.145	0.285	0.285	0.074	0.049	0.249	0.235	0.764
TCGA.CM.6168.01A.11R.1653.07	0	0.068	0.24	0.103	0.103	0.114	0.351	0.152	0.244	0.15	0.257	0.048	0	0.146	0.286	0.256	0.099	0.194	0.381	0.126	0.14	0	0.201	0.156	0.755
TCGA.CM.6169.01A.11R.1653.07	0	0.048	0.318	0.14	0.101	0.104	0.396	0.275	0.23	0.147	0.228	0.023	0	0.115	0.199	0.239	0.088	0.181	0.38	0.212	0.113	0.056	0.125	0.224	0.76
TCGA.CM.6170.01A.11R.1653.07	0	0.068	0.271	0.082	0.105	0.101	0.355	0.158	0.253	0.2	0.209	0.025	0.015	0.135	0.167	0.17	0.081	0.203	0.303	0.168	0.189	0.001	0.168	0.162	0.703
TCGA.CM.6171.01A.11R.1653.07	0	0.043	0.289	0.13	0.067	0.141	0.298	0.222	0.131	0.218	0.175	0.035	0.059	0.1	0.178	0.215	0.05	0.188	0.307	0.085	0.217	0.007	0.123	0.146	0.648
TCGA.CM.6172.01A.11R.1653.07	0	0.05	0.178	0.07	0.095	0.107	0.287	0.142	0.216	0.234	0.174	0.056	0.014	0.127	0.315	0.175	0.104	0.201	0.263	0.14	0.176	0	0.132	0.157	0.656
TCGA.CM.6674.01A.11R.1839.07	0	0.015	0.346	0.165	0.045	0.11	0.262	0.284	0.354	0.209	0.13	0	0.019	0.094	0.202	0.244	0.056	0.187	0.321	0.275	0.104	0.054	0.087	0.228	0.731
TCGA.CM.6675.01A.11R.1839.07	0	0.052	0.26	0.128	0.079	0.159	0.297	0.197	0.163	0.197	0.127	0	0.059	0.028	0.175	0.216	0.052	0.184	0.273	0.153	0.175	0.027	0.074	0.175	0.634
TCGA.CM.6676.01A.11R.1839.07	0	0.1	0.224	0.099	0.047	0.106	0.279	0.183	0.202	0.176	0.223	0	0	0.054	0.196	0.17	0.065	0.199	0.225	0.184	0.202	0.057	0.131	0.131	0.637
TCGA.CM.6677.01A.11R.1839.07	0	0.076	0.294	0.149	0.11	0.114	0.298	0.277	0.223	0.116	0.203	0.047	0.04	0.13	0.143	0.212	0.107	0.181	0.261	0.206	0.141	0.035	0.114	0.211	0.698
TCGA.CM.6678.01A.11R.1839.07	0	0.093	0.155	0.083	0	0.115	0.303	0.174	0.254	0.2	0.085	0	0.034	0.104	0.221	0.081	0.061	0.159	0.148	0.178	0.2	0.014	0.135	0.16	0.546
TCGA.CM.6679.01A.11R.1839.07	0	0.075	0.251	0.097	0.095	0.082	0.294	0.136	0.345	0.152	0.323	0.047	0.013	0.112	0.14	0.152	0.111	0.18	0.256	0.18	0.149	0.075	0.197	0.242	0.714
TCGA.CM.6680.01A.11R.1839.07	0	0.052	0.297	0.109	0.07	0.114	0.341	0.236	0.325	0.199	0.324	0.043	0.014	0.107	0.196	0.188	0.045	0.17	0.286	0.317	0.095	0.009	0.204	0.201	0.733
TCGA.D5.5537.01A.21R.1928.07	0	0.102	0.227	0.095	0.097	0.117	0.285	0.192	0.219	0.179	0.286	0.025	0.015	0.051	0.165	0.134	0.112	0.185	0.242	0.148	0.148	0	0.142	0.158	0.616
TCGA.D5.5538.01A.01R.1653.07	0	0.065	0.322	0.089	0.099	0.12	0.321	0.216	0.172	0.162	0.232	0.059	0.007	0.127	0.208	0.316	0.069	0.227	0.462	0.161	0.141	0.003	0.11	0.196	0.818
TCGA.D5.5539.01A.01R.1653.07	0	0.053	0.215	0.091	0.042	0.087	0.27	0.124	0.292	0.231	0.2	0.043	0	0.137	0.252	0.201	0.091	0.211	0.356	0.169	0.174	0	0.142	0.171	0.737
TCGA.D5.5540.01A.01R.1653.07	0	0.01	0.286	0.203	0.02	0.129	0.23	0.284	0.301	0.081	0.163	0	0.118	0.061	0.104	0.202	0.026	0.185	0.327	0.245	0.147	0.1	0.083	0.234	0.705
TCGA.D5.5541.01A.01R.1653.07	0	0.057	0.323	0.142	0.096	0.106	0.291	0.313	0.237	0.124	0.166	0	0.052	0.064	0.146	0.235	0.074	0.234	0.415	0.199	0.155	0.048	0.106	0.204	0.79
TCGA.D5.6529.01A.11R.1774.07	0	0.043	0.343	0.158	0.132	0.093	0.29	0.293	0.345	0.117	0.349	0.083	0	0.006	0.174	0.206	0.107	0.187	0.346	0.252	0.12	0.038	0.185	0.268	0.814
TCGA.D5.6530.01A.11R.1723.07	0	0.013	0.374	0.178	0.054	0.155	0.324	0.33	0.34	0.171	0.265	0	0.03	0.058	0.123	0.194	0.089	0.176	0.331	0.325	0.128	0.014	0.07	0.271	0.771
TCGA.D5.6531.01A.11R.1723.07	0	0.089	0.376	0.167	0.084	0.128	0.408	0.333	0.237	0.103	0.143	0	0.021	0	0.143	0.195	0.084	0.184	0.405	0.234	0.153	0.041	0.081	0.221	0.757
TCGA.D5.6532.01A.11R.1723.07	0	0.021	0.226	0.105	0.043	0.115	0.286	0.213	0.083	0.185	0.097	0.016	0.029	0.124	0.137	0.144	0.114	0.192	0.25	0.106	0.225	0.05	0.077	0.151	0.612
TCGA.D5.6533.01A.11R.1723.07	0	0.048	0.27	0.108	0.081	0.133	0.256	0.212	0.202	0.135	0.252	0.034	0.066	0.046	0.202	0.175	0.098	0.199	0.249	0.214	0.197	0.026	0.154	0.162	0.705
TCGA.D5.6534.01A.21R.1928.07	0	0.033	0.343	0.144	0.125	0.102	0.337	0.25	0.288	0.079	0.385	0.028	0.006	0.062	0.213	0.271	0.108	0.197	0.424	0.28	0.077	0.031	0.197	0.253	0.879
TCGA.D5.6535.01A.11R.1723.07	0	0.005	0.331	0.13	0.108	0.172	0.332	0.273	0.168	0.159	0.354	0.053	0.003	0.031	0.224	0.196	0.097	0.16	0.273	0.189	0.155	0	0.14	0.284	0.727
TCGA.D5.6536.01A.11R.1723.07	0	0.013	0.247	0.113	0.126	0.09	0.233	0.001	0.014	0.231	0	0.023	0.005	0.14	0.07	0.296	0.024	0.267	0.421	0.178	0.228	0.026	0.094	0.102	0.784
TCGA.D5.6537.01A.11R.1723.07	0	0.011	0.248	0.154	0	0.161	0.227	0.251	0.27	0.147	0.177	0.037	0.069	0.118	0.134	0.146	0.01	0.159	0.19	0.207	0.253	0.053	0.099	0.229	0.629
TCGA.D5.6538.01A.11R.1723.07	0	0.087	0.158	0.103	0.03	0.095	0.163	0.038	0	0.164	0	0.001	0	0.16	0.17	0.118	0.091	0.152	0.22	0.085	0.252	0	0.112	0.124	0.562
TCGA.D5.6539.01A.11R.1723.07	0	0.02	0.306	0.05	0.105	0.076	0.281	0.197	0.31	0.166	0.228	0.046	0.038	0.111	0.312	0.147	0.139	0.168	0.22	0.278	0.189	0	0.129	0.225	0.728
TCGA.D5.6540.01A.11R.1723.07	0	0.022	0.347	0.124	0.029	0.151	0.322	0.224	0.11	0.217	0.12	0	0.017	0.073	0.222	0.194	0.008	0.186	0.27	0.255	0.192	0.037	0.112	0.164	0.671
TCGA.D5.6541.01A.11R.1723.07	0	0.049	0.347	0.168	0.078	0.081	0.266	0.362	0.248	0.167	0.159	0	0.065	0.037	0.211	0.25	0.081	0.235	0.452	0.257	0.141	0.015	0.124	0.204	0.849
TCGA.D5.6898.01A.11R.1928.07	0	0.079	0.266	0.095	0.125	0.12	0.333	0.213	0.358	0.129	0.131	0	0.013	0.1	0.157	0.225	0.08	0.201	0.381	0.223	0.168	0.038	0.142	0.185	0.781
TCGA.D5.6920.01A.11R.1928.07	0	0	0.282	0.157	0.106	0.097	0.345	0.188	0.213	0.189	0.296	0.024	0.062	0.115	0.186	0.165	0.079	0.14	0.248	0.276	0.172	0.022	0.172	0.188	0.7
TCGA.D5.6922.01A.11R.1928.07	0	0.087	0.307	0.085	0.084	0.111	0.338	0.219	0.324	0.14	0.15	0	0.021	0.136	0.127	0.184	0.071	0.182	0.305	0.208	0.176	0.042	0.164	0.184	0.717
TCGA.D5.6923.01A.11R.A32Z.07	0	0.092	0.251	0.108	0.075	0.105	0.284	0.191	0.136	0.173	0.205	0.015	0	0.157	0.169	0.203	0.054	0.219	0.263	0.179	0.212	0.006	0.184	0.104	0.69
TCGA.D5.6924.01A.11R.1928.07	0	0.033	0.314	0.156	0.135	0.103	0.345	0.255	0.227	0.134	0.261	0.071	0.014	0.054	0.118	0.191	0.113	0.201	0.348	0.191	0.131	0.043	0.168	0.234	0.768
TCGA.D5.6926.01A.11R.1928.07	0	0.07	0.281	0.159	0.051	0.099	0.276	0.266	0.275	0.157	0.138	0	0.024	0.126	0.163	0.216	0.051	0.226	0.38	0.242	0.189	0.047	0.114	0.164	0.77
TCGA.D5.6927.01A.21R.1928.07	0	0	0.37	0.195	0.067	0.087	0.362	0.358	0.25	0.13	0.248	0	0.04	0.045	0.188	0.214	0.064	0.21	0.393	0.274	0.14	0.016	0.122	0.213	0.793
TCGA.D5.6928.01A.11R.1928.07	0	0	0.439	0.223	0.123	0.148	0.346	0.324	0.255	0.054	0.389	0.06	0	0.002	0.167	0.158	0.149	0.115	0.376	0.316	0.064	0.078	0.191	0.348	0.835
TCGA.D5.6929.01A.31R.1928.07	0	0.022	0.305	0.15	0.083	0.047	0.273	0.244	0.302	0.108	0.27	0.044	0.037	0.113	0.169	0.161	0.122	0.179	0.315	0.25	0.157	0.04	0.131	0.222	0.748
TCGA.D5.6930.01A.11R.1928.07	0	0.015	0.389	0.178	0.06	0.088	0.283	0.312	0.331	0.163	0.311	0.001	0.008	0.099	0.213	0.148	0.156	0.126	0.266	0.355	0.076	0.029	0.112	0.233	0.716
TCGA.D5.6931.01A.11R.1928.07	0	0.038	0.288	0.113	0.105	0.126	0.323	0.253	0.279	0.147	0.289	0.065	0.019	0.114	0.213	0.206	0.12	0.163	0.296	0.201	0.134	0.003	0.116	0.267	0.732
TCGA.D5.6932.01A.11R.1928.07	0	0.057	0.326	0.109	0.083	0.099	0.3	0.183	0.242	0.182	0.092	0.003	0.03	0.167	0.162	0.228	0.028	0.193	0.35	0.224	0.15	0.031	0.138	0.189	0.73
TCGA.D5.7000.01A.11R.A32Z.07	0	0.051	0.321	0.12	0.086	0.114	0.305	0.247	0.232	0.163	0.241	0.031	0.006	0.158	0.21	0.174	0.094	0.204	0.298	0.221	0.172	0	0.133	0.202	0.728
TCGA.DM.A0X9.01A.11R.A155.07	0	0.032	0.313	0.165	0.051	0.09	0.262	0.338	0.224	0.15	0.26	0.014	0.064	0.07	0.224	0.125	0.062	0.145	0.186	0.208	0.158	0.047	0.133	0.257	0.62
TCGA.DM.A0XD.01A.12R.A155.07	0	0.067	0.264	0.107	0.007	0.192	0.299	0.109	0.284	0.219	0	0	0	0.078	0.153	0.227	0.091	0.196	0.227	0.219	0.197	0	0.024	0.202	0.673
TCGA.DM.A0XF.01A.11R.A155.07	0	0.079	0.311	0.134	0.067	0.102	0.302	0.246	0.236	0.147	0.205	0	0.047	0	0.177	0.186	0.084	0.186	0.278	0.219	0.156	0.051	0.124	0.174	0.684
TCGA.DM.A1D0.01A.11R.A155.07	0	0.05	0.163	0.065	0	0.04	0.169	0.048	0.09	0.188	0	0	0.049	0.066	0.148	0.18	0.116	0.215	0.234	0.011	0.239	0.068	0.092	0.068	0.563
TCGA.DM.A1D4.01A.21R.A155.07	0	0.05	0.224	0.134	0	0.153	0.215	0.261	0.291	0.155	0.332	0	0.081	0.099	0.184	0.033	0.058	0.069	0.085	0.296	0.171	0.051	0.113	0.264	0.53
TCGA.DM.A1D6.01A.21R.A155.07	0	0.05	0.077	0.014	0	0.037	0.148	0.095	0.292	0.149	0.072	0	0	0.095	0.261	0.092	0.076	0.194	0.171	0.101	0.227	0.047	0.083	0.136	0.525
TCGA.DM.A1D7.01A.11R.A155.07	0	0.023	0.263	0.058	0.038	0.152	0.181	0.204	0.28	0.188	0.339	0	0.05	0.063	0.285	0.107	0.094	0.173	0.186	0.259	0.189	0.021	0.153	0.216	0.67
TCGA.DM.A1D8.01A.11R.A155.07	0	0.08	0.27	0.093	0	0.137	0.257	0.249	0.153	0.135	0.209	0	0.073	0.034	0.213	0.048	0.09	0.111	0.119	0.262	0.144	0.066	0.145	0.216	0.553
TCGA.DM.A1D9.01A.11R.A155.07	0	0.105	0.214	0.096	0	0.11	0.27	0.188	0.168	0.175	0.16	0	0.08	0.039	0.231	0.171	0.062	0.183	0.207	0.138	0.144	0.022	0.134	0.122	0.564
TCGA.DM.A1DA.01A.11R.A155.07	0	0.034	0.246	0.091	0.022	0.166	0.219	0.199	0.15	0.091	0.143	0	0.025	0.141	0.179	0.197	0.101	0.226	0.301	0.086	0.174	0.064	0.037	0.251	0.669
TCGA.DM.A1DB.01A.11R.A155.07	0	0.022	0.314	0.111	0.087	0.094	0.257	0.283	0.249	0.085	0.353	0.009	0.049	0.066	0.129	0.114	0.064	0.139	0.154	0.16	0.17	0.126	0.184	0.296	0.623
TCGA.DM.A1HA.01A.11R.A155.07	0	0	0.289	0.157	0	0.186	0.263	0.32	0.241	0	0.139	0	0.136	0	0.105	0.041	0.094	0.168	0.199	0.258	0.208	0.083	0.022	0.271	0.614
TCGA.DM.A1HB.01A.21R.A180.07	0	0	0.146	0.056	0.001	0.179	0.236	0.17	0.139	0.292	0.015	0	0.009	0.105	0.141	0.232	0.077	0.153	0.291	0.024	0.233	0.004	0.005	0.12	0.552
TCGA.DM.A280.01A.12R.A16W.07	0	0.074	0.243	0.098	0	0.124	0.194	0.06	0.148	0.238	0	0	0	0.082	0.104	0.197	0.032	0.189	0.318	0.132	0.272	0.018	0.018	0.111	0.617
TCGA.DM.A282.01A.12R.A16W.07	0	0.126	0.135	0.095	0.023	0.099	0.183	0.123	0.206	0.147	0.091	0	0.006	0.089	0.212	0.088	0.084	0.218	0.204	0.081	0.188	0.031	0.133	0.162	0.564
TCGA.DM.A285.01A.11R.A16W.07	0	0.052	0.083	0.102	0.045	0.037	0.108	0.07	0.188	0.211	0.061	0	0	0.119	0.316	0.179	0.114	0.19	0.246	0.137	0.219	0	0.066	0.138	0.628
TCGA.DM.A288.01A.11R.A16W.07	0	0.007	0.081	0.019	0.002	0.115	0.13	0.075	0	0.247	0	0	0	0.141	0.14	0.192	0.108	0.212	0.299	0.004	0.247	0	0.032	0.106	0.585
TCGA.DM.A28A.01A.21R.A32Y.07	0	0.021	0.269	0.129	0.01	0.104	0.262	0.197	0.183	0.141	0.152	0	0.057	0.116	0.143	0.202	0.041	0.238	0.304	0.123	0.18	0.082	0.092	0.169	0.657
TCGA.DM.A28C.01A.11R.A32Y.07	0	0.065	0.125	0.011	0.005	0.014	0.165	0.178	0.153	0.241	0.094	0.029	0	0.045	0.208	0.089	0.098	0.151	0.175	0.073	0.181	0	0.109	0.202	0.525
TCGA.DM.A28E.01A.11R.A32Y.07	0	0.008	0.144	0.043	0.027	0.12	0.266	0.204	0.093	0.204	0.269	0	0.036	0.142	0.146	0.072	0.119	0.204	0.169	0.124	0.233	0.026	0.101	0.099	0.546
TCGA.DM.A28F.01A.11R.A32Y.07	0	0.059	0.249	0.086	0.061	0.104	0.228	0.253	0.218	0.112	0.307	0.009	0.046	0.061	0.175	0.035	0.135	0.124	0.134	0.23	0.203	0.041	0.115	0.236	0.59
TCGA.DM.A28G.01A.11R.A16W.07	0	0.067	0.21	0.083	0	0.082	0.263	0.192	0.34	0.209	0.266	0	0.071	0.094	0.232	0.085	0.07	0.137	0.153	0.234	0.171	0.036	0.153	0.231	0.601
TCGA.DM.A28H.01A.11R.A16W.07	0	0.081	0.125	0.097	0.064	0.091	0.189	0.18	0.123	0.123	0.088	0	0.003	0.118	0.253	0.164	0.113	0.232	0.275	0.012	0.225	0.011	0.033	0.163	0.592
TCGA.DM.A28K.01A.21R.A32Y.07	0	0.011	0.268	0.116	0.075	0.041	0.124	0.223	0.138	0.171	0.137	0	0.004	0.095	0.236	0.21	0.067	0.203	0.278	0.169	0.188	0.027	0.06	0.129	0.635
TCGA.DM.A28M.01A.12R.A16W.07	0	0	0.191	0.034	0	0.099	0.109	0.295	0.137	0.175	0.243	0	0.003	0.143	0.228	0.114	0.072	0.137	0.108	0.203	0.213	0.018	0.075	0.183	0.538
TCGA.F4.6459.01A.11R.1774.07	0	0.068	0.282	0.103	0.098	0.085	0.307	0.126	0.339	0.141	0.14	0	0	0.197	0.224	0.181	0.055	0.189	0.353	0.238	0.154	0.025	0.125	0.174	0.714
TCGA.F4.6460.01A.11R.1774.07	0	0.065	0.306	0.084	0.074	0.053	0.301	0.176	0.316	0.158	0.292	0.039	0	0.145	0.241	0.111	0.117	0.15	0.214	0.293	0.123	0.057	0.194	0.202	0.683
TCGA.F4.6461.01A.11R.1774.07	0	0.055	0.22	0.086	0.106	0.056	0.199	0.161	0.395	0.107	0.314	0.092	0.024	0.054	0.264	0.102	0.255	0.157	0.238	0.128	0.082	0	0.187	0.203	0.658
TCGA.F4.6463.01A.11R.1723.07	0	0.063	0.328	0.14	0.073	0.08	0.345	0.162	0.381	0.142	0.152	0	0	0.196	0.153	0.125	0.056	0.154	0.229	0.249	0.123	0.023	0.154	0.233	0.644
TCGA.F4.6569.01A.11R.1774.07	0	0.062	0.317	0.136	0.092	0.114	0.315	0.129	0.212	0.177	0.265	0.062	0.012	0.086	0.149	0.25	0.083	0.225	0.399	0.212	0.105	0.042	0.174	0.178	0.792
TCGA.F4.6570.01A.11R.1774.07	0	0.012	0.403	0.195	0.072	0.134	0.278	0.327	0.196	0.037	0.315	0.037	0.055	0	0.218	0.264	0.101	0.207	0.451	0.279	0.092	0.074	0.104	0.29	0.871
TCGA.F4.6703.01A.11R.1839.07	0	0.011	0.442	0.204	0.075	0.109	0.338	0.342	0.292	0.144	0.302	0.021	0.007	0.016	0.186	0.255	0.058	0.233	0.469	0.343	0.072	0.044	0.15	0.252	0.892
TCGA.F4.6704.01A.11R.1839.07	0	0.072	0.302	0.089	0.11	0.048	0.274	0.188	0.369	0.128	0.223	0.004	0	0.143	0.243	0.222	0.103	0.168	0.336	0.242	0.117	0.059	0.16	0.222	0.764
TCGA.F4.6704.11A.01R.1839.07	0	0.045	0.235	0.03	0.004	0	0.181	0.104	0.37	0.269	0.337	0.009	0.015	0.206	0.327	0.098	0.114	0.125	0.232	0.228	0.182	0.033	0.206	0.194	0.671
TCGA.F4.6805.01A.11R.1839.07	0	0.077	0.275	0.087	0.074	0.106	0.292	0.171	0.337	0.176	0.243	0	0	0.169	0.228	0.284	0.084	0.212	0.384	0.199	0.15	0	0.172	0.185	0.813
TCGA.F4.6806.01A.11R.1839.07	0	0.033	0.255	0.112	0.047	0.097	0.23	0.184	0.359	0.193	0.296	0.031	0.055	0.137	0.203	0.087	0.132	0.143	0.141	0.258	0.138	0.028	0.174	0.222	0.63
TCGA.F4.6807.01A.11R.1839.07	0	0.056	0.34	0.137	0.089	0.081	0.297	0.232	0.295	0.122	0.377	0.062	0.003	0.128	0.227	0.173	0.095	0.154	0.321	0.312	0.068	0.061	0.211	0.237	0.765
TCGA.F4.6808.01A.11R.1839.07	0	0.044	0.186	0.131	0.003	0.065	0.153	0.15	0.149	0.172	0.176	0	0.012	0.203	0.212	0.073	0.09	0.141	0.144	0.103	0.24	0.086	0.072	0.173	0.504
TCGA.F4.6809.01A.11R.1839.07	0	0.049	0.287	0.071	0.082	0.05	0.196	0.155	0.317	0.154	0.421	0.072	0.005	0.118	0.26	0.102	0.153	0.163	0.262	0.241	0.089	0.046	0.239	0.277	0.742
TCGA.F4.6854.01A.11R.1928.07	0	0.019	0.285	0.157	0.021	0.09	0.276	0.286	0.286	0.134	0.253	0.013	0.047	0.157	0.216	0.146	0.065	0.175	0.234	0.285	0.164	0.05	0.142	0.219	0.695
TCGA.F4.6855.01A.11R.1928.07	0	0.08	0.284	0.099	0.098	0.076	0.261	0.158	0.302	0.235	0.215	0	0	0.078	0.147	0.21	0.058	0.237	0.415	0.179	0.131	0.029	0.127	0.128	0.722
TCGA.F4.6856.01A.11R.1928.07	0	0.037	0.328	0.14	0.045	0.098	0.233	0.291	0.302	0.244	0.225	0.003	0.058	0.064	0.216	0.118	0.084	0.149	0.208	0.274	0.118	0.034	0.098	0.248	0.631
TCGA.F4.6857.01A.11R.1928.07	0	0.041	0.373	0.152	0.116	0.089	0.301	0.267	0.296	0.075	0.426	0.116	0.004	0	0.199	0.09	0.261	0.128	0.202	0.284	0.002	0.064	0.253	0.331	0.755
TCGA.G4.6293.01A.11R.1723.07	0	0.087	0.318	0.134	0.103	0.141	0.332	0.301	0.297	0.166	0.321	0.058	0.021	0.079	0.176	0.094	0.13	0.111	0.178	0.304	0.116	0.026	0.12	0.282	0.65
TCGA.G4.6294.01A.11R.1774.07	0	0.053	0.206	0.118	0.025	0.104	0.206	0.203	0.22	0.184	0.267	0	0.073	0.096	0.191	0.155	0.057	0.172	0.24	0.189	0.184	0.033	0.143	0.174	0.64
TCGA.G4.6295.01A.11R.1723.07	0	0.003	0.393	0.156	0.118	0.117	0.314	0.292	0.22	0.064	0.424	0.059	0	0.03	0.142	0.206	0.157	0.123	0.285	0.242	0.104	0.087	0.145	0.281	0.751
TCGA.G4.6297.01A.11R.1723.07	0	0.078	0.315	0.09	0.087	0.111	0.305	0.151	0.35	0.184	0.195	0.005	0	0.114	0.186	0.217	0.086	0.224	0.319	0.167	0.161	0.049	0.117	0.211	0.731
TCGA.G4.6298.01A.11R.1723.07	0	0.044	0.087	0.162	0	0.093	0.209	0.092	0.138	0.166	0	0	0	0.141	0.146	0.198	0.069	0.155	0.222	0.123	0.219	0	0.101	0.141	0.598
TCGA.G4.6299.01A.11R.1774.07	0	0.028	0.413	0.126	0.08	0.141	0.283	0.28	0.265	0.183	0.289	0.04	0	0	0.129	0.246	0.059	0.207	0.363	0.253	0.073	0.08	0.164	0.293	0.807
TCGA.G4.6302.01A.11R.1723.07	0	0.061	0.291	0.082	0.077	0.087	0.295	0.123	0.369	0.191	0.304	0	0	0.125	0.171	0.196	0.076	0.18	0.357	0.259	0.091	0.072	0.198	0.221	0.768
TCGA.G4.6303.01A.11R.1774.07	0	0.079	0.253	0.088	0.109	0.1	0.31	0.134	0.313	0.203	0.213	0.027	0	0.093	0.139	0.209	0.069	0.199	0.306	0.167	0.181	0.024	0.153	0.191	0.717
TCGA.G4.6304.01A.11R.1928.07	0	0	0.274	0.18	0.018	0.105	0.314	0.287	0.323	0.163	0.051	0	0.096	0.048	0.152	0.208	0.015	0.198	0.335	0.26	0.159	0.059	0.045	0.217	0.699
TCGA.G4.6306.01A.11R.1774.07	0	0.097	0.298	0.146	0.077	0.14	0.265	0.295	0.166	0.077	0.222	0	0.057	0.097	0.232	0.007	0.099	0.086	0.05	0.189	0.193	0.046	0.065	0.306	0.484
TCGA.G4.6307.01A.11R.1723.07	0	0.093	0.129	0.105	0.054	0.054	0.125	0.176	0.211	0.136	0.208	0	0	0.125	0.18	0.09	0.23	0.106	0.073	0.061	0.23	0.071	0.13	0.163	0.527
TCGA.G4.6309.01A.21R.1839.07	0	0.058	0.352	0.107	0.067	0.152	0.338	0.231	0.262	0.211	0.178	0	0.062	0.02	0.241	0.17	0.056	0.168	0.206	0.152	0.14	0.024	0.091	0.254	0.602
TCGA.G4.6310.01A.11R.1723.07	0	0.106	0.046	0.058	0	0	0.048	0.014	0.189	0.203	0.044	0	0	0.202	0.1	0.07	0.116	0.149	0.156	0.124	0.222	0.047	0.113	0.127	0.525
TCGA.G4.6311.01A.11R.1723.07	0	0.055	0.2	0.121	0.064	0.025	0.192	0.12	0.324	0.146	0.17	0.018	0	0.145	0.229	0.279	0.179	0.232	0.365	0.053	0.187	0.018	0.111	0.149	0.757
TCGA.G4.6314.01A.11R.1723.07	0	0.075	0.254	0.094	0.072	0.053	0.278	0.135	0.373	0.101	0.255	0	0	0.215	0.214	0.165	0.07	0.187	0.275	0.214	0.134	0.053	0.197	0.187	0.695
TCGA.G4.6315.01A.11R.1723.07	0	0.021	0.219	0.055	0.013	0.042	0.148	0.162	0.315	0.141	0.204	0.023	0.023	0.153	0.275	0	0.191	0.133	0.059	0.198	0.233	0.048	0.113	0.197	0.547
TCGA.G4.6317.01A.11R.1723.07	0	0.082	0.219	0.139	0.003	0.074	0.16	0.195	0.243	0.088	0.172	0	0.072	0.066	0.167	0.014	0.11	0.087	0.045	0.136	0.244	0.134	0.033	0.261	0.453
TCGA.G4.6317.02A.11R.2066.07	0.002	0.083	0.005	0.018	0.002	0	0.025	0	0	0.216	0	0	0	0.172	0	0.236	0.105	0.243	0.312	0.031	0.271	0	0.065	0	0.615
TCGA.G4.6320.01A.11R.1723.07	0	0.071	0.235	0.091	0.011	0.116	0.23	0.147	0.299	0.185	0.319	0.018	0.005	0.088	0.199	0.064	0.177	0.1	0.102	0.244	0.146	0.058	0.14	0.202	0.572
TCGA.G4.6321.01A.11R.1723.07	0	0	0.373	0.102	0.029	0.092	0.201	0.194	0.337	0.245	0.404	0.016	0.052	0.093	0.229	0.063	0.157	0.052	0.106	0.356	0.161	0.025	0.108	0.284	0.626
TCGA.G4.6322.01A.11R.1723.07	0	0.053	0.291	0.122	0.065	0.108	0.317	0.218	0.315	0.175	0.304	0	0.038	0.096	0.265	0.16	0.067	0.113	0.169	0.316	0.125	0	0.193	0.162	0.634
TCGA.G4.6323.01A.11R.1723.07	0	0.007	0.249	0.036	0.088	0.136	0.268	0.164	0.378	0.185	0.39	0.083	0.026	0.061	0.236	0.02	0.301	0.064	0	0.197	0.108	0.014	0.222	0.295	0.587
TCGA.G4.6586.01A.11R.1774.07	0	0.004	0.408	0.212	0	0.145	0.207	0.368	0.275	0.173	0.251	0	0.068	0	0.138	0.171	0.068	0.153	0.254	0.309	0.135	0.097	0.013	0.369	0.716
TCGA.G4.6588.01A.11R.1774.07	0	0.056	0.297	0.139	0.069	0.207	0.32	0.227	0.106	0.162	0.059	0	0.039	0.074	0.198	0.253	0.043	0.203	0.343	0.148	0.188	0.026	0.065	0.183	0.694
TCGA.G4.6625.01A.21R.1774.07	0	0	0.39	0.172	0.099	0.065	0.328	0.294	0.265	0.104	0.366	0.033	0.013	0.116	0.198	0.244	0.145	0.156	0.3	0.301	0.106	0.048	0.173	0.249	0.815
TCGA.G4.6626.01A.11R.1774.07	0	0	0.278	0.136	0	0.112	0.217	0.25	0.136	0.115	0.209	0	0.021	0.106	0.182	0.076	0.095	0.166	0.161	0.31	0.203	0.075	0.143	0.174	0.646
TCGA.G4.6627.01A.11R.1774.07	0	0.034	0.341	0.106	0.075	0.09	0.28	0.207	0.329	0.172	0.394	0.064	0	0.161	0.232	0.152	0.106	0.094	0.247	0.329	0.099	0.028	0.194	0.257	0.719
TCGA.G4.6628.01A.11R.1839.07	0	0	0.427	0.183	0.055	0.116	0.339	0.365	0.317	0.076	0.404	0.011	0.017	0	0.189	0.244	0.087	0.136	0.365	0.326	0.082	0.085	0.14	0.298	0.817
TCGA.NH.A50T.01A.11R.A28H.07	0	0.107	0.166	0.117	0.037	0.117	0.226	0.09	0.121	0.153	0.018	0.039	0	0.117	0.114	0.13	0.089	0.212	0.21	0.108	0.245	0.046	0.048	0.161	0.585
TCGA.NH.A50U.01A.33R.A37K.07	0	0.056	0.247	0.095	0.129	0.143	0.186	0.105	0.223	0.201	0	0	0	0.16	0.132	0.19	0.082	0.244	0.353	0.178	0.193	0.002	0.062	0.162	0.713
TCGA.NH.A50V.01A.11R.A28H.07	0	0.08	0.257	0.114	0.113	0.093	0.359	0.186	0.221	0.175	0.348	0.042	0.046	0	0.205	0.153	0.083	0.215	0.303	0.195	0.113	0.009	0.239	0.173	0.717
TCGA.NH.A5IV.01A.42R.A37K.07	0	0	0.396	0.152	0.029	0.086	0.319	0.294	0.271	0.201	0.254	0	0.042	0.059	0.155	0.21	0.054	0.184	0.402	0.312	0.109	0.106	0.114	0.241	0.791
TCGA.NH.A6GA.01A.11R.A37K.07	0	0.083	0.237	0.09	0.092	0.1	0.337	0.159	0.279	0.181	0.228	0.016	0.06	0.11	0.128	0.146	0.071	0.166	0.224	0.101	0.167	0.041	0.152	0.218	0.606
TCGA.NH.A6GB.01A.11R.A37K.07	0	0.042	0.339	0.143	0.064	0.179	0.308	0.285	0.256	0.115	0.303	0.026	0.028	0.082	0.182	0.128	0.077	0.177	0.198	0.258	0.191	0.027	0.108	0.247	0.674
TCGA.NH.A6GC.01A.12R.A41B.07	0	0.027	0.248	0.108	0.072	0.087	0.263	0.155	0.221	0.235	0.135	0	0.056	0.132	0.226	0.13	0.118	0.159	0.227	0.17	0.162	0	0.153	0.151	0.618
TCGA.NH.A8F7.01A.11R.A41B.07	0	0.052	0.067	0.117	0	0.104	0.262	0.157	0	0.229	0.077	0	0.021	0.092	0.089	0.122	0.077	0.177	0.234	0.151	0.271	0.034	0.122	0.078	0.6
TCGA.NH.A8F7.06A.31R.A41B.07	0	0	0	0	0	0	0	0.01	0	0.206	0.012	0	0	0.097	0.086	0.037	0.142	0.246	0.277	0.06	0.303	0	0.053	0.074	0.58
TCGA.NH.A8F8.01A.72R.A41B.07	0	0.046	0.247	0.129	0.091	0.101	0.336	0.14	0.258	0.097	0.124	0	0.032	0.142	0.172	0.179	0.081	0.203	0.362	0.186	0.174	0.03	0.164	0.158	0.733
TCGA.QG.A5YV.01A.11R.A28H.07	0	0.07	0.237	0.085	0.066	0.132	0.304	0.207	0.2	0.159	0.178	0.012	0.03	0.177	0.168	0.128	0.079	0.188	0.203	0.136	0.179	0.039	0.113	0.188	0.591
TCGA.QG.A5YW.01A.11R.A28H.07	0	0.054	0.238	0.08	0.107	0.088	0.287	0.252	0.308	0.188	0.33	0.036	0.018	0.123	0.328	0.174	0.093	0.169	0.228	0.252	0.117	0	0.163	0.204	0.681
TCGA.QG.A5YX.01A.11R.A28H.07	0	0.029	0.172	0.054	0.09	0.101	0.264	0.17	0.184	0.225	0.169	0	0.007	0.157	0.278	0.17	0.067	0.163	0.159	0.187	0.215	0	0.14	0.148	0.609
TCGA.QG.A5Z1.01A.11R.A28H.07	0	0.05	0.106	0.013	0.127	0.031	0.217	0.133	0.339	0.209	0.101	0	0	0.178	0.11	0.197	0.088	0.215	0.329	0.017	0.192	0.028	0.135	0.065	0.602
TCGA.QG.A5Z2.01A.11R.A28H.07	0	0.011	0.283	0.13	0.084	0.144	0.316	0.283	0.326	0.147	0.378	0.056	0.042	0.066	0.203	0.076	0.232	0.06	0.09	0.269	0.097	0.007	0.185	0.294	0.634
TCGA.QL.A97D.01A.12R.A41B.07	0	0.08	0.328	0.108	0.107	0.122	0.317	0.268	0.166	0.143	0.395	0.068	0.026	0.116	0.235	0.125	0.142	0.1	0.172	0.219	0.114	0.016	0.146	0.252	0.618
TCGA.RU.A8FL.01A.11R.A37K.07	0	0.077	0.135	0.041	0	0.081	0.181	0.167	0.13	0.144	0.136	0	0.032	0.135	0.17	0.108	0.12	0.197	0.16	0.095	0.25	0.066	0.072	0.142	0.557
TCGA.SS.A7HO.01A.21R.A37K.07	0	0.024	0.219	0.157	0.016	0.124	0.285	0.096	0.102	0.178	0.011	0	0.019	0.093	0.194	0.036	0.073	0.247	0.241	0.117	0.226	0.058	0.094	0.164	0.584
TCGA.T9.A92H.01A.11R.A37K.07	0	0.021	0.264	0.107	0.028	0.088	0.182	0.193	0.259	0.188	0.173	0	0.037	0.127	0.194	0.089	0.086	0.129	0.196	0.113	0.202	0.08	0.065	0.239	0.545
TCGA.WS.AB45.01A.11R.A41B.07	0	0	0.366	0.145	0.092	0.052	0.415	0.164	0.161	0.262	0.172	0	0	0.064	0.16	0.229	0.064	0.261	0.473	0.263	0.214	0.075	0.137	0.134	0.863
