CD4_naive	CD8_naive	Tc	Tex	Tr1	nTreg	iTreg	Th1	Th2	Th17	Tfh	Tcm	Tem	NKT	MAIT	DC	B_cell	Monocyte	Macrophage	NK	Neutrophil	Tgd	CD4_T	CD8_T	InfiltrationScore
TCGA.2A.A8VL.01A.21R.A37L.07	0	0.01	0.246	0.098	0.081	0.116	0.166	0.075	0.284	0.161	0.215	0.004	0.059	0.091	0.214	0.041	0.043	0.056	0.032	0.321	0.129	0.051	0.145	0.129	0.538
TCGA.2A.A8VO.01A.11R.A37L.07	0.002	0.014	0.2	0.106	0.144	0.018	0.099	0.084	0.292	0.161	0.241	0.067	0.013	0.173	0.204	0.073	0.027	0.119	0.157	0.178	0.111	0.04	0.173	0.141	0.588
TCGA.2A.A8VT.01A.11R.A37L.07	0	0.042	0.256	0.036	0.071	0.118	0.232	0.136	0.291	0.146	0.173	0.034	0.047	0.046	0.137	0.104	0.055	0.099	0.165	0.263	0.149	0.091	0.139	0.144	0.671
TCGA.2A.A8VV.01A.11R.A37L.07	0	0.029	0.186	0.035	0.061	0.067	0.102	0.11	0.321	0.173	0.111	0.031	0.011	0.172	0.19	0.046	0.077	0.109	0.037	0.223	0.155	0.04	0.12	0.159	0.557
TCGA.2A.A8VX.01A.11R.A37L.07	0	0.033	0.147	0.036	0.112	0.16	0.196	0	0.305	0.151	0.057	0	0.033	0.092	0.141	0.087	0.092	0.12	0.104	0.262	0.176	0.032	0.087	0.15	0.647
TCGA.2A.A8W1.01A.11R.A37L.07	0	0	0.16	0.074	0.054	0.094	0.111	0.105	0.196	0.126	0.216	0.098	0.038	0	0.192	0.107	0.04	0.127	0.182	0.129	0.192	0.045	0.106	0.135	0.611
TCGA.2A.A8W3.01A.11R.A37L.07	0	0.014	0.235	0.034	0.065	0.097	0.139	0.084	0.295	0.145	0.195	0.035	0.036	0.113	0.224	0.111	0.066	0.12	0.148	0.27	0.149	0.062	0.103	0.12	0.652
TCGA.2A.AAYF.01A.11R.A41O.07	0	0.018	0.196	0.089	0.159	0.074	0.149	0.069	0.32	0.172	0.133	0.024	0.032	0.116	0.145	0.077	0.064	0.117	0.148	0.165	0.149	0.042	0.089	0.163	0.584
TCGA.2A.AAYO.01A.11R.A41O.07	0	0	0.243	0.056	0.131	0.098	0.223	0.145	0.286	0.123	0.348	0.148	0.001	0.171	0.203	0.074	0.152	0.045	0.168	0.289	0.04	0.033	0.193	0.239	0.721
TCGA.2A.AAYU.01A.11R.A41O.07	0.003	0.07	0.184	0.026	0.04	0.071	0.11	0.048	0.331	0.17	0.121	0.023	0.019	0.108	0.206	0.109	0.066	0.105	0.123	0.198	0.168	0.041	0.11	0.121	0.6
TCGA.4L.AA1F.01A.11R.A41O.07	0	0.012	0.369	0.084	0.113	0.084	0.241	0.219	0.268	0.068	0.37	0.086	0.005	0.157	0.219	0.189	0.098	0.173	0.328	0.363	0.04	0.024	0.2	0.107	0.9
TCGA.CH.5737.01A.11R.1580.07	0.012	0.022	0.181	0.11	0.055	0.058	0.059	0.111	0.158	0.187	0.171	0.03	0.005	0.158	0.175	0.109	0.045	0.111	0.169	0.128	0.171	0.07	0.091	0.124	0.57
TCGA.CH.5738.01A.11R.1580.07	0	0	0.246	0.113	0.153	0.099	0.173	0.084	0.25	0.132	0.336	0.089	0.009	0.097	0.172	0.158	0.081	0.138	0.312	0.35	0.098	0.067	0.178	0.115	0.858
TCGA.CH.5739.01A.11R.1580.07	0.024	0	0.269	0.1	0.122	0.116	0.195	0.152	0.218	0.162	0.282	0.084	0.035	0.095	0.136	0.125	0.051	0.096	0.195	0.282	0.109	0.063	0.155	0.113	0.676
TCGA.CH.5740.01A.11R.1580.07	0.017	0.025	0.238	0.093	0.119	0.097	0.178	0.148	0.259	0.142	0.282	0.073	0.072	0.088	0.124	0.099	0.086	0.069	0.121	0.264	0.125	0.047	0.164	0.159	0.653
TCGA.CH.5741.01A.11R.1580.07	0	0.015	0.199	0.049	0.075	0.05	0.006	0.113	0.207	0.158	0.114	0.027	0.028	0.049	0.181	0.128	0.084	0.12	0.137	0.14	0.187	0.12	0.086	0.151	0.621
TCGA.CH.5743.01A.21R.1580.07	0.007	0.018	0.302	0.091	0.107	0.093	0.204	0.127	0.264	0.117	0.392	0.091	0.013	0.12	0.152	0.112	0.047	0.054	0.176	0.375	0.081	0.098	0.194	0.141	0.708
TCGA.CH.5744.01A.11R.1580.07	0	0	0.238	0.093	0.13	0.095	0.165	0.104	0.292	0.153	0.323	0.092	0.051	0.064	0.171	0.13	0.039	0.078	0.18	0.276	0.149	0.035	0.138	0.116	0.664
TCGA.CH.5745.01A.11R.1580.07	0	0	0.295	0.123	0.118	0.092	0.188	0.221	0.259	0.143	0.366	0.067	0.041	0.101	0.133	0.111	0.065	0.1	0.162	0.333	0.088	0.063	0.164	0.152	0.706
TCGA.CH.5746.01A.11R.1580.07	0.007	0.037	0.186	0.11	0.026	0.133	0.191	0.087	0.116	0.17	0.225	0.029	0.031	0.139	0.152	0.057	0.056	0.109	0.11	0.232	0.148	0.055	0.112	0.112	0.562
TCGA.CH.5748.01A.11R.1580.07	0.018	0.023	0.255	0.094	0.08	0.139	0.2	0.099	0.243	0.181	0.12	0.086	0.038	0.065	0.101	0.084	0.09	0.107	0.132	0.242	0.134	0.047	0.102	0.152	0.627
TCGA.CH.5750.01A.11R.1580.07	0.006	0	0.303	0.091	0.153	0.129	0.247	0.169	0.163	0.113	0.371	0.152	0.008	0.044	0.143	0.098	0.147	0.073	0.162	0.259	0.07	0.064	0.178	0.176	0.699
TCGA.CH.5751.01A.11R.1580.07	0	0	0.315	0.114	0.178	0.123	0.279	0.269	0.236	0	0.372	0.179	0	0.032	0.175	0.114	0.197	0.058	0.214	0.331	0.029	0.063	0.192	0.204	0.804
TCGA.CH.5752.01A.11R.1580.07	0.01	0	0.219	0.037	0.107	0.089	0.15	0.076	0.25	0.162	0.149	0.068	0.015	0.092	0.175	0.137	0.025	0.154	0.227	0.145	0.175	0.037	0.113	0.103	0.648
TCGA.CH.5753.01A.11R.1580.07	0	0	0.248	0.076	0.105	0.154	0.222	0.248	0.184	0.139	0.355	0.1	0.08	0	0.138	0.122	0.059	0.105	0.223	0.245	0.131	0.051	0.147	0.097	0.679
TCGA.CH.5754.01A.11R.1580.07	0	0	0.323	0.109	0.152	0.107	0.243	0.27	0.281	0.06	0.322	0.113	0.04	0.072	0.204	0.156	0.096	0.085	0.184	0.346	0.073	0.059	0.16	0.154	0.754
TCGA.CH.5761.01A.11R.1580.07	0.002	0.054	0.164	0.066	0.201	0.023	0.06	0.074	0.153	0.108	0.101	0.1	0	0.055	0.279	0.223	0.091	0.191	0.312	0.107	0.147	0	0.083	0.068	0.734
TCGA.CH.5761.11A.01R.1580.07	0.013	0.018	0.22	0.069	0.13	0.127	0.164	0.063	0.28	0.16	0.283	0.019	0.047	0.149	0.149	0.045	0.086	0.09	0.094	0.309	0.135	0.068	0.148	0.153	0.637
TCGA.CH.5762.01A.11R.1580.07	0	0.03	0.255	0.044	0.135	0.104	0.211	0.135	0.294	0.116	0.372	0.125	0.015	0.077	0.22	0.124	0.1	0.055	0.164	0.309	0.072	0.08	0.17	0.155	0.69
TCGA.CH.5763.01A.11R.1580.07	0.014	0.023	0.222	0.105	0.099	0.105	0.175	0.092	0.311	0.119	0.19	0.048	0.038	0.139	0.161	0.111	0.032	0.092	0.203	0.341	0.104	0.067	0.131	0.103	0.671
TCGA.CH.5764.01A.21R.1580.07	0.022	0.005	0.299	0.114	0.104	0.125	0.195	0.172	0.28	0.153	0.217	0.069	0.023	0.071	0.118	0.1	0.077	0.099	0.145	0.306	0.126	0.063	0.129	0.129	0.667
TCGA.CH.5765.01A.11R.1580.07	0.004	0.005	0.18	0.034	0.027	0.142	0.116	0.121	0.286	0.178	0.16	0.02	0.042	0.113	0.169	0.13	0.076	0.143	0.168	0.251	0.157	0.047	0.067	0.1	0.657
TCGA.CH.5766.01A.11R.1580.07	0	0	0.235	0.096	0.139	0.093	0.248	0.191	0.264	0.12	0.364	0.11	0.062	0.038	0.196	0.101	0.088	0.019	0.123	0.272	0.095	0.057	0.197	0.141	0.623
TCGA.CH.5767.01A.11R.1789.07	0.007	0.016	0.174	0.098	0.076	0.095	0.19	0.081	0.164	0.182	0.168	0.04	0.028	0.103	0.114	0.092	0.042	0.104	0.159	0.195	0.165	0.033	0.088	0.096	0.565
TCGA.CH.5767.11B.01R.1789.07	0	0.02	0.252	0.11	0.103	0.105	0.181	0.132	0.236	0.129	0.333	0.041	0.029	0.135	0.172	0.075	0.05	0.067	0.138	0.364	0.107	0.055	0.185	0.111	0.66
TCGA.CH.5768.01A.11R.1580.07	0.012	0.018	0.231	0.095	0.03	0.112	0.159	0.094	0.256	0.169	0.197	0.074	0	0.048	0.212	0.125	0.061	0.125	0.18	0.22	0.141	0.052	0.096	0.133	0.65
TCGA.CH.5768.11A.01R.1580.07	0.039	0.045	0.192	0.046	0	0.049	0.077	0.08	0.235	0.16	0.092	0.024	0	0.152	0.175	0.037	0.078	0.07	0.057	0.309	0.17	0.052	0.079	0.133	0.56
TCGA.CH.5769.01A.11R.1580.07	0	0.042	0.204	0.103	0.095	0.106	0.216	0.153	0.347	0.142	0.163	0.041	0.048	0.095	0.141	0.161	0.049	0.108	0.167	0.27	0.122	0.059	0.1	0.139	0.67
TCGA.CH.5769.11A.01R.1580.07	0	0.038	0.231	0.088	0.106	0.078	0.177	0.206	0.329	0.147	0.186	0.038	0.043	0.121	0.139	0.148	0.061	0.114	0.153	0.248	0.13	0.049	0.109	0.14	0.662
TCGA.CH.5771.01A.21R.1580.07	0	0	0.276	0.071	0.13	0.091	0.178	0.114	0.283	0.118	0.333	0.096	0.005	0.157	0.172	0.144	0.067	0.113	0.271	0.361	0.094	0.055	0.184	0.127	0.818
TCGA.CH.5772.01A.11R.1580.07	0	0.004	0.218	0.128	0.056	0.087	0.137	0.2	0.329	0.128	0.199	0.066	0.085	0.058	0.189	0.118	0.041	0.102	0.164	0.292	0.133	0.051	0.079	0.149	0.648
TCGA.CH.5788.01A.11R.1580.07	0.005	0.039	0.133	0	0.142	0.122	0.213	0.108	0.134	0.147	0.049	0.035	0	0.055	0.136	0.203	0.097	0.172	0.279	0.089	0.175	0	0.042	0.133	0.715
TCGA.CH.5789.01A.11R.1580.07	0	0.024	0.239	0.116	0.103	0.104	0.232	0.082	0.279	0.155	0.16	0.04	0.027	0.111	0.142	0.164	0.051	0.102	0.253	0.316	0.141	0.039	0.106	0.089	0.734
TCGA.CH.5790.01A.11R.1580.07	0.014	0.002	0.222	0.072	0.008	0.127	0.183	0.069	0.241	0.187	0.2	0.06	0.018	0.048	0.138	0.147	0.048	0.172	0.202	0.185	0.164	0.067	0.111	0.153	0.71
TCGA.CH.5791.01A.11R.1580.07	0.021	0.028	0.155	0.01	0.104	0.123	0.19	0.074	0.206	0.17	0.161	0.089	0.042	0.079	0.19	0.162	0.087	0.145	0.212	0.225	0.166	0.034	0.132	0.109	0.743
TCGA.CH.5792.01A.11R.1580.07	0	0.009	0.287	0.075	0.131	0.085	0.189	0.151	0.285	0.131	0.304	0.118	0.012	0.175	0.151	0.137	0.091	0.094	0.262	0.354	0.091	0.051	0.167	0.14	0.802
TCGA.CH.5794.01A.11R.1580.07	0.008	0.067	0.185	0.054	0.13	0.14	0.2	0.036	0.218	0.169	0.057	0	0.019	0.097	0.243	0.134	0.056	0.122	0.193	0.212	0.176	0.031	0.077	0.124	0.658
TCGA.EJ.5494.01A.01R.1580.07	0	0.018	0.253	0.042	0.115	0.113	0.217	0.094	0.295	0.167	0.254	0.075	0.008	0.13	0.186	0.086	0.021	0.083	0.17	0.364	0.124	0.065	0.105	0.191	0.687
TCGA.EJ.5495.01A.01R.1580.07	0	0.025	0.263	0.054	0.131	0.112	0.239	0.17	0.283	0.095	0.257	0.131	0.003	0.132	0.249	0.164	0.085	0.087	0.176	0.335	0.069	0.059	0.169	0.146	0.738
TCGA.EJ.5496.01A.01R.1580.07	0.026	0.015	0.234	0.082	0	0.133	0.179	0.1	0.284	0.162	0.181	0.047	0.006	0.065	0.159	0.098	0.071	0.077	0.101	0.224	0.148	0.067	0.069	0.172	0.577
TCGA.EJ.5497.01A.02R.1580.07	0.029	0.012	0.26	0.072	0.106	0.108	0.176	0.113	0.19	0.151	0.303	0.133	0.01	0.102	0.169	0.137	0.063	0.085	0.118	0.193	0.121	0.04	0.161	0.154	0.62
TCGA.EJ.5498.01A.01R.1580.07	0.02	0.018	0.242	0.105	0.055	0.099	0.155	0.104	0.326	0.155	0.249	0.099	0.02	0.139	0.191	0.095	0.069	0.084	0.166	0.318	0.11	0.043	0.143	0.131	0.67
TCGA.EJ.5499.01A.01R.1580.07	0.001	0.026	0.287	0.054	0.117	0.125	0.191	0.194	0.314	0.137	0.203	0.081	0.04	0.094	0.136	0.155	0.103	0.084	0.152	0.327	0.097	0.086	0.13	0.151	0.719
TCGA.EJ.5501.01A.01R.1580.07	0.018	0.033	0.224	0.056	0.078	0.103	0.181	0.093	0.283	0.176	0.182	0.04	0.034	0.116	0.256	0.099	0.053	0.077	0.098	0.279	0.117	0.068	0.112	0.152	0.593
TCGA.EJ.5502.01A.01R.1580.07	0	0	0.24	0.068	0.131	0.092	0.267	0.086	0.281	0.143	0.276	0.094	0.021	0.171	0.165	0.062	0.045	0.128	0.187	0.348	0.122	0.05	0.178	0.142	0.728
TCGA.EJ.5503.01A.01R.1580.07	0.008	0.033	0.259	0.077	0.136	0.077	0.151	0.108	0.297	0.154	0.297	0.098	0.01	0.154	0.181	0.068	0.099	0.074	0.071	0.274	0.109	0.041	0.198	0.149	0.626
TCGA.EJ.5504.01A.01R.1580.07	0	0.036	0.24	0.084	0.094	0.091	0.127	0.08	0.332	0.145	0.188	0.07	0.018	0.084	0.249	0.17	0.059	0.127	0.229	0.282	0.136	0.028	0.118	0.121	0.746
TCGA.EJ.5505.01A.01R.1580.07	0.051	0.046	0.223	0.054	0	0.045	0.1	0.104	0.284	0.161	0.118	0.084	0	0.125	0.141	0.094	0.06	0.094	0.155	0.185	0.164	0.06	0.046	0.155	0.573
TCGA.EJ.5506.01A.01R.1580.07	0.028	0.013	0.248	0.033	0.109	0.119	0.173	0.125	0.313	0.158	0.207	0.071	0.047	0.052	0.181	0.076	0.058	0.079	0.111	0.287	0.112	0.065	0.158	0.149	0.618
TCGA.EJ.5507.01A.01R.1580.07	0	0.019	0.226	0.072	0.108	0.109	0.205	0.22	0.31	0.101	0.269	0.139	0.088	0.029	0.198	0.147	0.048	0.084	0.138	0.254	0.107	0.036	0.185	0.154	0.672
TCGA.EJ.5508.01A.02R.1580.07	0.015	0.028	0.275	0.064	0.123	0.099	0.223	0.114	0.287	0.14	0.296	0.116	0.002	0.105	0.158	0.146	0.07	0.081	0.182	0.275	0.109	0.067	0.146	0.149	0.696
TCGA.EJ.5509.01A.01R.1580.07	0	0.027	0.28	0.048	0.13	0.103	0.215	0.119	0.268	0.12	0.243	0.091	0	0.179	0.187	0.161	0.074	0.11	0.243	0.279	0.095	0.064	0.145	0.154	0.758
TCGA.EJ.5510.01A.01R.1580.07	0	0.02	0.214	0.055	0.053	0.112	0.157	0.126	0.319	0.13	0.357	0.112	0.026	0.11	0.242	0.124	0.059	0.068	0.101	0.31	0.11	0.038	0.141	0.179	0.656
TCGA.EJ.5511.01A.01R.1580.07	0.001	0.022	0.193	0.08	0.063	0.111	0.199	0.091	0.284	0.172	0.18	0.044	0.022	0.161	0.171	0.131	0.048	0.125	0.165	0.253	0.15	0.037	0.088	0.112	0.644
TCGA.EJ.5512.01A.01R.1580.07	0.014	0.019	0.272	0.075	0.07	0.095	0.168	0.127	0.272	0.167	0.233	0.061	0.026	0.133	0.179	0.056	0.067	0.072	0.031	0.347	0.13	0.042	0.13	0.145	0.588
TCGA.EJ.5514.01A.01R.1580.07	0	0.046	0.225	0.043	0.15	0.082	0.27	0.11	0.309	0.127	0.246	0.101	0.044	0.088	0.204	0.19	0.098	0.109	0.284	0.24	0.113	0	0.147	0.127	0.786
TCGA.EJ.5515.01A.01R.1580.07	0.014	0.009	0.235	0.099	0	0.069	0.109	0.088	0.324	0.164	0.148	0.065	0.017	0.149	0.174	0.065	0.069	0.091	0.112	0.269	0.119	0.074	0.086	0.136	0.569
TCGA.EJ.5516.01A.01R.1580.07	0	0.01	0.267	0.066	0.001	0.109	0.216	0.135	0.318	0.137	0.24	0.114	0.014	0.077	0.225	0.184	0.046	0.086	0.202	0.289	0.126	0.064	0.117	0.091	0.685
TCGA.EJ.5517.01A.01R.1580.07	0.028	0.023	0.265	0.087	0.147	0.057	0.143	0.113	0.326	0.114	0.328	0.166	0	0.073	0.166	0.108	0.093	0.066	0.114	0.248	0.077	0.066	0.144	0.198	0.63
TCGA.EJ.5518.01A.01R.1580.07	0	0	0.263	0.056	0.126	0.052	0.219	0.11	0.299	0.163	0.206	0.086	0.022	0.128	0.21	0.144	0.04	0.117	0.223	0.275	0.123	0.02	0.131	0.115	0.701
TCGA.EJ.5519.01A.01R.1580.07	0	0.021	0.195	0.057	0.095	0.07	0.084	0.087	0.274	0.172	0.157	0.074	0.022	0.112	0.299	0.132	0.031	0.129	0.192	0.199	0.165	0.016	0.115	0.11	0.645
TCGA.EJ.5521.01A.01R.1580.07	0	0.039	0.208	0.069	0.082	0.049	0.09	0.101	0.336	0.164	0.212	0.039	0	0.186	0.2	0.183	0.079	0.097	0.188	0.339	0.154	0.023	0.075	0.148	0.758
TCGA.EJ.5522.01A.01R.1580.07	0.009	0.036	0.249	0.033	0.144	0.12	0.254	0.127	0.294	0.123	0.265	0.157	0.033	0.074	0.182	0.135	0.087	0.056	0.111	0.302	0.091	0.056	0.185	0.156	0.675
TCGA.EJ.5524.01A.01R.1580.07	0.009	0.021	0.274	0	0.098	0.128	0.239	0.159	0.292	0.119	0.304	0.136	0.015	0.118	0.181	0.15	0.081	0.096	0.177	0.296	0.1	0.063	0.147	0.16	0.725
TCGA.EJ.5525.01A.01R.1580.07	0	0.06	0.187	0.041	0.138	0.07	0.195	0.105	0.26	0.117	0.168	0.083	0	0.102	0.16	0.199	0.098	0.193	0.25	0.118	0.157	0	0.093	0.079	0.713
TCGA.EJ.5526.01A.01R.1580.07	0.003	0.034	0.253	0.048	0.087	0.121	0.202	0.099	0.302	0.155	0.283	0.13	0.005	0.064	0.22	0.146	0.075	0.125	0.184	0.269	0.1	0.06	0.148	0.132	0.708
TCGA.EJ.5527.01A.01R.1580.07	0.008	0.037	0.245	0.034	0.125	0.114	0.243	0.106	0.309	0.122	0.291	0.147	0.003	0.085	0.158	0.168	0.084	0.091	0.166	0.29	0.117	0.043	0.146	0.152	0.73
TCGA.EJ.5530.01A.01R.1580.07	0.005	0.011	0.216	0.054	0.165	0.106	0.216	0.038	0.332	0.154	0.131	0.03	0.035	0.087	0.169	0.115	0.073	0.117	0.133	0.222	0.157	0.056	0.147	0.149	0.668
TCGA.EJ.5531.01A.01R.1580.07	0	0	0.293	0.095	0.126	0.091	0.158	0.12	0.301	0.128	0.273	0.098	0.025	0.111	0.157	0.165	0.09	0.108	0.256	0.324	0.104	0.074	0.133	0.158	0.804
TCGA.EJ.5532.01A.01R.1580.07	0.029	0.024	0.21	0.07	0.147	0.075	0.137	0.084	0.298	0.117	0.159	0.095	0.017	0.109	0.253	0.115	0.081	0.11	0.167	0.217	0.138	0.019	0.122	0.142	0.656
TCGA.EJ.5542.01A.01R.1580.07	0.03	0.034	0.196	0.059	0.035	0.084	0.186	0.094	0.313	0.165	0.197	0.114	0	0.103	0.217	0.143	0.082	0.112	0.13	0.192	0.139	0.025	0.134	0.133	0.639
TCGA.EJ.7115.01A.11R.2118.07	0.012	0.043	0.243	0.043	0.11	0.065	0.17	0.1	0.302	0.149	0.164	0.046	0	0.172	0.218	0.097	0.067	0.106	0.172	0.244	0.129	0.033	0.109	0.116	0.624
TCGA.EJ.7115.11A.01R.2118.07	0.016	0.031	0.236	0.079	0.034	0.106	0.167	0.105	0.32	0.156	0.154	0.037	0.038	0.16	0.183	0.065	0.134	0.076	0.088	0.328	0.119	0.055	0.109	0.142	0.637
TCGA.EJ.7123.01A.11R.1965.07	0.011	0.04	0.191	0.093	0.129	0.09	0.17	0.077	0.227	0.183	0.07	0.015	0.038	0.107	0.177	0.124	0.066	0.119	0.19	0.159	0.155	0.036	0.082	0.13	0.616
TCGA.EJ.7123.11A.01R.1965.07	0	0	0.237	0.056	0.13	0.041	0.22	0.039	0.325	0.093	0.184	0.055	0	0.243	0.251	0.085	0.058	0.123	0.196	0.328	0.096	0.059	0.143	0.122	0.692
TCGA.EJ.7125.01A.11R.1965.07	0	0.027	0.25	0.084	0.137	0.086	0.132	0.106	0.3	0.151	0.256	0.14	0	0.085	0.134	0.164	0.087	0.104	0.218	0.213	0.126	0.041	0.097	0.152	0.697
TCGA.EJ.7125.11A.01R.1965.07	0	0.031	0.209	0.151	0.048	0.043	0.106	0.144	0.337	0.134	0.308	0.093	0.069	0.121	0.18	0.111	0.073	0.056	0.18	0.337	0.051	0.088	0.104	0.188	0.661
TCGA.EJ.7218.01B.11R.A32O.07	0.008	0.022	0.182	0.093	0.096	0.094	0.13	0.096	0.316	0.166	0.165	0.034	0.07	0.109	0.156	0.114	0.088	0.106	0.184	0.232	0.131	0.04	0.144	0.142	0.687
TCGA.EJ.7312.01B.21R.A32O.07	0	0.023	0.23	0.049	0.104	0.029	0.06	0.135	0.294	0.146	0.072	0.023	0.003	0.155	0.155	0.094	0.078	0.13	0.194	0.296	0.141	0.055	0.108	0.128	0.703
TCGA.EJ.7314.01A.31R.2118.07	0.002	0.029	0.166	0.11	0	0.107	0.135	0.092	0.253	0.185	0.109	0.026	0	0.063	0.118	0.097	0.067	0.114	0.121	0.249	0.173	0.099	0.018	0.124	0.578
TCGA.EJ.7314.11A.01R.2118.07	0.004	0.015	0.231	0.102	0.07	0.085	0.128	0.047	0.314	0.114	0.293	0.094	0	0.196	0.171	0.095	0.056	0.105	0.173	0.316	0.103	0.053	0.116	0.147	0.668
TCGA.EJ.7315.01A.31R.2118.07	0	0.033	0.266	0.02	0.154	0.091	0.236	0.144	0.308	0.125	0.332	0.146	0	0.139	0.166	0.151	0.175	0.053	0.152	0.327	0.096	0.044	0.145	0.211	0.787
TCGA.EJ.7315.11A.01R.2118.07	0	0	0.297	0.097	0.159	0.067	0.291	0.125	0.273	0.051	0.397	0.156	0	0.169	0.191	0.102	0.14	0.053	0.15	0.352	0.018	0.059	0.215	0.199	0.739
TCGA.EJ.7317.01A.31R.2118.07	0.016	0.029	0.143	0.093	0	0.08	0.09	0.048	0.271	0.169	0.035	0.029	0	0.093	0.19	0.093	0.064	0.135	0.167	0.245	0.198	0.017	0.028	0.098	0.618
TCGA.EJ.7317.11A.01R.2118.07	0.032	0.018	0.159	0.083	0	0.016	0.032	0.056	0.259	0.176	0.165	0.094	0	0.132	0.228	0.058	0.073	0.122	0.089	0.248	0.168	0.046	0.109	0.094	0.577
TCGA.EJ.7318.01B.11R.A32O.07	0	0.028	0.233	0.067	0.09	0.095	0.131	0.144	0.315	0.118	0.224	0.009	0.039	0.169	0.206	0.131	0.063	0.097	0.188	0.335	0.111	0.072	0.148	0.184	0.755
TCGA.EJ.7321.01A.31R.2263.07	0.026	0.029	0.265	0.059	0.129	0.126	0.24	0.164	0.271	0.14	0.322	0.143	0	0.076	0.126	0.119	0.106	0.06	0.069	0.256	0.094	0.057	0.157	0.162	0.614
TCGA.EJ.7321.11A.01R.2263.07	0	0	0.263	0.086	0.117	0.1	0.2	0.119	0.288	0.122	0.381	0.111	0.021	0.135	0.194	0.048	0.089	0.049	0.071	0.368	0.083	0.061	0.186	0.149	0.626
TCGA.EJ.7325.01B.11R.A32O.07	0	0.063	0.208	0.023	0.184	0.055	0.06	0.085	0.245	0.17	0.198	0	0.004	0.173	0.16	0.118	0.061	0.15	0.15	0.217	0.145	0.072	0.111	0.164	0.67
TCGA.EJ.7327.01A.11R.2118.07	0.002	0.035	0.229	0.038	0.077	0.142	0.213	0.096	0.305	0.132	0.207	0.068	0.028	0.106	0.141	0.121	0.071	0.127	0.22	0.283	0.121	0.05	0.143	0.147	0.741
TCGA.EJ.7327.11A.01R.2118.07	0.031	0.029	0.21	0.054	0	0.072	0.104	0.114	0.332	0.188	0.101	0.07	0.012	0.127	0.158	0.061	0.093	0.111	0.095	0.268	0.125	0.071	0.079	0.184	0.61
TCGA.EJ.7328.01A.31R.2118.07	0	0	0.296	0.042	0.129	0.099	0.253	0.128	0.284	0.115	0.325	0.119	0	0.153	0.239	0.111	0.067	0.096	0.171	0.331	0.076	0.072	0.192	0.19	0.742
TCGA.EJ.7328.11A.01R.2118.07	0	0	0.266	0.08	0.122	0.042	0.207	0.065	0.305	0.088	0.306	0.132	0	0.208	0.205	0.049	0.064	0.09	0.106	0.308	0.071	0.055	0.181	0.152	0.613
TCGA.EJ.7330.01A.11R.2118.07	0.001	0.028	0.226	0.11	0.094	0.108	0.165	0.047	0.29	0.123	0.187	0.05	0.021	0.165	0.194	0.093	0.05	0.099	0.177	0.307	0.131	0.057	0.124	0.109	0.655
TCGA.EJ.7330.11A.01R.2118.07	0	0	0.305	0.13	0.097	0.061	0.129	0.146	0.302	0.067	0.338	0.088	0.027	0.222	0.171	0.111	0.065	0.088	0.227	0.399	0.062	0.066	0.16	0.152	0.76
TCGA.EJ.7331.01A.11R.2118.07	0.027	0.021	0.228	0.091	0.148	0.063	0.167	0.099	0.301	0.149	0.197	0.142	0.001	0.116	0.146	0.116	0.073	0.127	0.207	0.244	0.114	0.014	0.164	0.111	0.694
TCGA.EJ.7331.11A.01R.2118.07	0.019	0	0.269	0.113	0.131	0.01	0.15	0.101	0.299	0.121	0.249	0.124	0	0.181	0.183	0.117	0.1	0.108	0.169	0.267	0.083	0.035	0.157	0.154	0.694
TCGA.EJ.7781.01A.11R.2118.07	0.022	0.035	0.23	0.084	0.156	0.123	0.249	0.085	0.247	0.144	0.249	0.103	0.018	0.117	0.117	0.091	0.081	0.089	0.178	0.274	0.108	0.033	0.165	0.159	0.689
TCGA.EJ.7781.11A.01R.2118.07	0	0	0.293	0.114	0.137	0.077	0.185	0.144	0.299	0.056	0.319	0.117	0.015	0.21	0.176	0.096	0.09	0.095	0.19	0.359	0.038	0.053	0.189	0.172	0.739
TCGA.EJ.7782.01A.11R.2118.07	0.002	0.005	0.189	0.041	0.147	0.132	0.215	0.12	0.266	0.149	0.179	0.103	0.042	0.122	0.181	0.148	0.091	0.113	0.162	0.248	0.132	0.004	0.168	0.109	0.704
TCGA.EJ.7782.11A.01R.2118.07	0	0.027	0.27	0.086	0.149	0.118	0.272	0.137	0.288	0.121	0.376	0.13	0.033	0.097	0.182	0.104	0.104	0	0.124	0.402	0.041	0.053	0.174	0.17	0.672
TCGA.EJ.7783.01A.11R.2118.07	0.03	0.023	0.254	0.055	0.089	0.122	0.191	0.1	0.28	0.134	0.267	0.094	0.011	0.132	0.189	0.088	0.086	0.099	0.12	0.297	0.123	0.062	0.185	0.128	0.677
TCGA.EJ.7783.11A.01R.2118.07	0	0.017	0.236	0.081	0.116	0.057	0.183	0.06	0.335	0.041	0.236	0.048	0.021	0.229	0.253	0.04	0.057	0.121	0.192	0.348	0.081	0.029	0.14	0.15	0.679
TCGA.EJ.7784.01A.11R.2118.07	0.01	0.026	0.256	0.027	0.042	0.136	0.259	0.142	0.209	0.153	0.266	0.127	0.043	0.075	0.097	0.125	0.061	0.105	0.124	0.223	0.136	0.065	0.156	0.164	0.657
TCGA.EJ.7784.11A.01R.2118.07	0	0.011	0.25	0.098	0.089	0.093	0.208	0.095	0.296	0.139	0.328	0.09	0.011	0.143	0.212	0.11	0.045	0.07	0.163	0.345	0.089	0.071	0.181	0.14	0.686
TCGA.EJ.7785.01A.11R.2118.07	0.003	0.002	0.267	0.101	0.125	0.096	0.181	0.09	0.282	0.131	0.245	0.108	0.016	0.171	0.18	0.1	0.098	0.111	0.183	0.293	0.116	0.031	0.171	0.102	0.705
TCGA.EJ.7785.11A.01R.2118.07	0	0.004	0.254	0.121	0.115	0.045	0.16	0.103	0.287	0.103	0.289	0.087	0.049	0.202	0.18	0.075	0.081	0.087	0.151	0.335	0.066	0.06	0.15	0.159	0.664
TCGA.EJ.7786.01A.11R.2118.07	0.014	0.015	0.216	0.087	0.105	0.088	0.201	0.085	0.306	0.135	0.209	0.109	0.032	0.134	0.139	0.017	0.054	0.124	0.143	0.264	0.131	0.02	0.125	0.138	0.599
TCGA.EJ.7786.11A.01R.2118.07	0.008	0.001	0.283	0.102	0.141	0.037	0.133	0.079	0.302	0.108	0.324	0.131	0	0.148	0.19	0.078	0.054	0.126	0.227	0.349	0.097	0.031	0.196	0.116	0.747
TCGA.EJ.7788.01A.11R.2118.07	0.008	0.036	0.207	0.02	0.104	0.133	0.253	0.089	0.314	0.147	0.224	0.106	0.018	0.098	0.226	0.147	0.091	0.136	0.186	0.266	0.103	0.021	0.116	0.168	0.729
TCGA.EJ.7789.01A.11R.2118.07	0	0.034	0.212	0.004	0.184	0.101	0.173	0.119	0.197	0.125	0.086	0.092	0	0.06	0.245	0.2	0.109	0.164	0.248	0.175	0.169	0.004	0.129	0.087	0.77
TCGA.EJ.7789.11A.01R.2118.07	0	0	0.267	0.076	0.09	0.091	0.19	0.096	0.311	0.141	0.288	0.086	0.037	0.172	0.209	0.119	0.07	0.066	0.13	0.347	0.098	0.054	0.164	0.13	0.675
TCGA.EJ.7791.01A.11R.2118.07	0	0.001	0.235	0.085	0.133	0.09	0.173	0.091	0.3	0.153	0.27	0.094	0.021	0.175	0.196	0.11	0.079	0.085	0.166	0.309	0.086	0.047	0.161	0.14	0.682
TCGA.EJ.7792.01A.11R.2118.07	0	0.014	0.248	0.048	0.155	0.072	0.279	0.094	0.274	0.103	0.335	0.125	0	0.2	0.247	0.09	0.072	0.085	0.165	0.314	0.062	0.031	0.194	0.17	0.692
TCGA.EJ.7792.11A.01R.2118.07	0	0.018	0.26	0.077	0.119	0.092	0.219	0.083	0.298	0.125	0.319	0.119	0.014	0.167	0.209	0.081	0.062	0.08	0.156	0.352	0.085	0.052	0.185	0.154	0.693
TCGA.EJ.7793.01A.31R.2263.07	0.008	0.036	0.18	0.057	0	0.114	0.141	0.055	0.264	0.183	0.075	0.049	0	0.11	0.216	0.076	0.069	0.106	0.07	0.244	0.164	0.045	0.046	0.162	0.562
TCGA.EJ.7793.11A.01R.2263.07	0.008	0.014	0.224	0.091	0.104	0.045	0.088	0.071	0.304	0.143	0.259	0.1	0.025	0.182	0.237	0.08	0.055	0.114	0.16	0.258	0.109	0.042	0.176	0.146	0.66
TCGA.EJ.7794.01A.11R.2118.07	0.014	0.025	0.238	0.12	0.132	0.092	0.196	0.106	0.279	0.141	0.174	0.08	0.025	0.116	0.157	0.121	0.061	0.131	0.238	0.272	0.129	0.029	0.146	0.113	0.728
TCGA.EJ.7794.11A.01R.2118.07	0.005	0	0.28	0.084	0.128	0.108	0.193	0.105	0.273	0.098	0.3	0.102	0	0.154	0.237	0.071	0.061	0.104	0.195	0.388	0.095	0.048	0.204	0.122	0.744
TCGA.EJ.7797.01A.11R.2263.07	0.015	0.024	0.243	0.062	0.113	0.069	0.123	0.118	0.306	0.155	0.283	0.085	0.037	0.116	0.178	0.057	0.057	0.104	0.111	0.27	0.116	0.055	0.184	0.143	0.625
TCGA.EJ.7797.11A.01R.2263.07	0.014	0.011	0.239	0.109	0.096	0.068	0.104	0.11	0.328	0.112	0.318	0.1	0.045	0.163	0.186	0.053	0.117	0.076	0.099	0.369	0.071	0.044	0.185	0.161	0.68
TCGA.EJ.8468.01A.21R.2403.07	0	0	0.275	0.048	0.128	0.128	0.236	0.176	0.267	0.087	0.348	0.133	0.04	0.07	0.249	0.14	0.047	0.073	0.209	0.295	0.095	0.052	0.168	0.143	0.702
TCGA.EJ.8469.01A.11R.2403.07	0.011	0.054	0.193	0	0.109	0.134	0.31	0.125	0.252	0.101	0.248	0.052	0.04	0.103	0.14	0.172	0.066	0.116	0.178	0.205	0.123	0.01	0.131	0.146	0.682
TCGA.EJ.8470.01A.11R.2403.07	0	0.008	0.308	0.129	0.16	0.094	0.261	0.244	0.233	0.077	0.378	0.146	0.014	0.013	0.169	0.16	0.096	0.066	0.187	0.284	0.054	0.083	0.181	0.189	0.731
TCGA.EJ.8472.01A.11R.2403.07	0	0.076	0.169	0.037	0.015	0.143	0.15	0.097	0.279	0.14	0.165	0	0.047	0.06	0.191	0.214	0.05	0.121	0.206	0.307	0.134	0.04	0.139	0.101	0.764
TCGA.EJ.8474.01A.11R.2403.07	0	0.037	0.189	0.011	0.066	0.116	0.149	0.098	0.317	0.134	0.241	0.097	0.041	0.119	0.258	0.147	0.072	0.111	0.166	0.27	0.107	0.052	0.163	0.144	0.709
TCGA.EJ.A46B.01A.31R.A250.07	0.036	0.047	0.196	0.064	0.084	0.001	0.025	0.066	0.195	0.186	0.098	0.036	0	0.157	0.201	0.04	0.073	0.079	0.065	0.21	0.158	0.058	0.127	0.132	0.532
TCGA.EJ.A46D.01A.21R.A32Y.07	0	0.034	0.282	0.07	0.135	0.077	0.134	0.121	0.293	0.153	0.224	0.016	0.031	0.144	0.188	0.085	0.041	0.081	0.065	0.294	0.132	0.075	0.154	0.161	0.608
TCGA.EJ.A46E.01A.31R.A250.07	0	0.005	0.23	0.132	0.01	0.136	0.144	0.176	0.205	0.146	0.272	0	0.056	0.134	0.147	0.075	0.057	0.064	0.102	0.391	0.111	0.091	0.15	0.08	0.619
TCGA.EJ.A46F.01A.31R.A250.07	0.033	0.108	0.152	0.072	0	0.042	0.041	0.11	0.324	0.144	0.094	0	0.062	0.087	0.141	0.119	0.108	0.116	0.128	0.245	0.17	0.03	0.086	0.153	0.675
TCGA.EJ.A46G.01A.31R.A26U.07	0	0.032	0.282	0.094	0.126	0.119	0.205	0.133	0.28	0.134	0.297	0.056	0.02	0.048	0.215	0.097	0.062	0.122	0.153	0.327	0.091	0.025	0.207	0.103	0.698
TCGA.EJ.A46H.01A.31R.A26U.07	0	0.006	0.293	0.082	0.127	0.083	0.151	0.097	0.26	0.096	0.39	0.104	0	0.177	0.219	0.064	0.063	0.074	0.099	0.419	0.066	0.049	0.223	0.152	0.697
TCGA.EJ.A46I.01A.12R.A26U.07	0.001	0.04	0.249	0.098	0.136	0.118	0.165	0.062	0.263	0.132	0.188	0.012	0.04	0.136	0.159	0.035	0.066	0.095	0.077	0.33	0.121	0.067	0.155	0.148	0.617
TCGA.EJ.A65B.01A.12R.A30B.07	0	0.062	0.214	0.1	0.166	0.07	0.074	0.066	0.323	0.135	0.069	0	0.037	0.167	0.287	0.175	0.067	0.122	0.216	0.319	0.121	0.026	0.115	0.107	0.746
TCGA.EJ.A65D.01A.11R.A30B.07	0.05	0.07	0.015	0.092	0.038	0.066	0.065	0	0.024	0.159	0	0.002	0	0.079	0.043	0.076	0.143	0.141	0.11	0.17	0.2	0.032	0.075	0.074	0.594
TCGA.EJ.A65E.01A.11R.A29R.07	0.002	0.053	0.211	0.091	0.077	0.117	0.152	0.14	0.266	0.143	0.292	0.064	0.058	0.066	0.154	0.112	0.055	0.086	0.115	0.261	0.126	0.038	0.128	0.154	0.623
TCGA.EJ.A65F.01A.21R.A311.07	0	0.01	0.295	0.037	0.111	0.087	0.166	0.157	0.295	0.119	0.363	0.131	0.048	0.059	0.157	0.141	0.065	0.088	0.176	0.335	0.113	0.054	0.176	0.141	0.742
TCGA.EJ.A65G.01A.21R.A29R.07	0.026	0.028	0.196	0.086	0.156	0.072	0.115	0.055	0.263	0.168	0.095	0.033	0.028	0.106	0.157	0.038	0.049	0.125	0.12	0.215	0.162	0.003	0.115	0.133	0.574
TCGA.EJ.A65J.01A.11R.A311.07	0	0.027	0.1	0.106	0.138	0.064	0.111	0.11	0.137	0.184	0.193	0.12	0	0.094	0.168	0.196	0.063	0.146	0.27	0.054	0.154	0	0.13	0.085	0.66
TCGA.EJ.A65M.01A.11R.A29R.07	0	0.02	0.282	0.063	0.127	0.094	0.16	0.135	0.309	0.13	0.27	0.037	0.047	0.128	0.178	0.151	0.056	0.077	0.194	0.324	0.11	0.076	0.119	0.174	0.724
TCGA.EJ.A6RA.01A.11R.A33R.07	0	0.02	0.311	0.065	0.13	0.086	0.141	0.125	0.317	0.162	0.243	0.02	0.043	0.161	0.146	0.071	0.065	0.059	0.101	0.357	0.103	0.051	0.172	0.171	0.66
TCGA.EJ.A6RC.01A.11R.A32O.07	0	0.014	0.29	0.071	0.127	0.07	0.226	0.144	0.29	0.115	0.386	0.121	0.013	0.142	0.202	0.038	0.145	0.071	0.117	0.331	0.043	0.036	0.196	0.212	0.692
TCGA.EJ.A7NF.01A.11R.A33R.07	0.004	0.043	0.207	0.072	0.08	0.123	0.158	0.069	0.259	0.148	0.148	0	0.059	0.086	0.153	0.114	0.055	0.131	0.109	0.246	0.13	0.078	0.157	0.142	0.651
TCGA.EJ.A7NG.01A.31R.A33R.07	0	0.053	0.223	0.058	0.13	0.065	0.15	0.093	0.291	0.162	0.307	0.052	0.031	0.145	0.22	0.038	0.064	0.086	0.119	0.314	0.109	0.036	0.17	0.126	0.616
TCGA.EJ.A7NH.01A.12R.A33R.07	0	0	0.259	0.056	0.061	0.098	0.161	0.136	0.273	0.137	0.273	0.054	0.048	0.149	0.17	0.03	0.059	0.063	0.087	0.317	0.121	0.067	0.157	0.154	0.594
TCGA.EJ.A7NJ.01A.22R.A352.07	0.008	0	0.281	0.082	0.127	0.111	0.196	0.151	0.287	0.138	0.279	0.08	0.048	0.06	0.215	0.037	0.099	0.034	0.056	0.333	0.082	0.057	0.192	0.168	0.602
TCGA.EJ.A7NK.01A.12R.A352.07	0.007	0.042	0.234	0.07	0.103	0.088	0.181	0.112	0.248	0.143	0.181	0	0.045	0.166	0.221	0.055	0.087	0.092	0.076	0.346	0.12	0.058	0.152	0.118	0.629
TCGA.EJ.A7NM.01A.21R.A33R.07	0	0.024	0.313	0.038	0.145	0.122	0.232	0.181	0.283	0.08	0.329	0.134	0.001	0.12	0.148	0.1	0.151	0.056	0.124	0.347	0.048	0.048	0.199	0.211	0.742
TCGA.EJ.A7NN.01A.11R.A33R.07	0.007	0.028	0.233	0.098	0.123	0.095	0.191	0.117	0.244	0.14	0.303	0.104	0.022	0.106	0.208	0.085	0.123	0.066	0.17	0.29	0.078	0.038	0.179	0.135	0.676
TCGA.EJ.A8FN.01A.11R.A352.07	0	0	0.264	0.029	0.129	0.048	0.204	0.108	0.281	0.137	0.307	0.103	0.018	0.202	0.229	0.097	0.059	0.131	0.171	0.306	0.069	0.041	0.188	0.165	0.712
TCGA.EJ.A8FO.01A.21R.A36G.07	0.007	0.041	0.221	0.081	0.118	0.115	0.168	0.077	0.193	0.18	0.117	0.045	0.037	0.096	0.218	0.09	0.073	0.099	0.096	0.259	0.148	0.033	0.146	0.082	0.597
TCGA.EJ.A8FO.11A.11R.A36G.07	0.023	0.062	0.201	0.092	0	0.062	0.105	0	0.264	0.117	0.14	0	0	0.175	0.228	0.031	0.058	0.09	0.077	0.388	0.106	0.091	0.168	0.092	0.606
TCGA.EJ.A8FP.01A.21R.A36G.07	0.02	0.02	0.249	0.091	0.1	0.073	0.163	0.121	0.279	0.142	0.263	0.066	0.033	0.171	0.178	0.099	0.053	0.088	0.124	0.299	0.1	0.046	0.191	0.121	0.646
TCGA.EJ.A8FS.01A.11R.A352.07	0.006	0.011	0.23	0.052	0.078	0.122	0.176	0.109	0.281	0.152	0.12	0.027	0.042	0.009	0.244	0.104	0.043	0.078	0.161	0.223	0.149	0.072	0.096	0.164	0.612
TCGA.EJ.A8FU.01A.11R.A36G.07	0.001	0.019	0.257	0.066	0.108	0.081	0.18	0.077	0.301	0.146	0.317	0.073	0.025	0.155	0.201	0.053	0.053	0.085	0.105	0.317	0.118	0.077	0.184	0.14	0.634
TCGA.EJ.AB20.01A.12R.A41O.07	0	0.02	0.3	0.137	0.093	0.031	0.1	0.193	0.307	0.02	0.393	0.003	0.054	0.219	0.216	0.04	0.067	0.063	0.088	0.405	0.049	0.088	0.188	0.209	0.666
TCGA.EJ.AB27.01A.11R.A41O.07	0	0.013	0.233	0.07	0.136	0.105	0.196	0.121	0.277	0.144	0.409	0.137	0.012	0.132	0.225	0.035	0.141	0.02	0.017	0.293	0.05	0.043	0.195	0.178	0.557
TCGA.FC.7708.01A.11R.2118.07	0	0	0.257	0.078	0.121	0.102	0.228	0.102	0.287	0.146	0.311	0.088	0	0.142	0.216	0.121	0.047	0.087	0.123	0.277	0.096	0.057	0.178	0.159	0.654
TCGA.FC.7961.01A.11R.A29R.07	0	0.011	0.221	0.009	0.126	0.048	0.143	0.115	0.295	0.124	0.214	0.097	0.003	0.16	0.244	0.131	0.052	0.111	0.231	0.176	0.146	0.051	0.132	0.166	0.688
TCGA.FC.A4JI.01A.11R.A250.07	0	0	0.353	0.091	0.101	0.145	0.207	0.224	0.213	0.167	0.147	0.048	0.031	0	0.144	0.112	0.078	0.146	0.225	0.259	0.155	0.101	0.097	0.14	0.728
TCGA.FC.A5OB.01A.11R.A29R.07	0	0.031	0.094	0	0.064	0.123	0.088	0.033	0.043	0.142	0	0.034	0	0.039	0.215	0.184	0.108	0.183	0.248	0.112	0.234	0	0	0.065	0.681
TCGA.FC.A66V.01A.21R.A30B.07	0	0.024	0.174	0.115	0	0.075	0.097	0.087	0.288	0.128	0.165	0	0.068	0.151	0.237	0.093	0.056	0.077	0.126	0.342	0.114	0.113	0.135	0.159	0.663
TCGA.FC.A6HD.01A.11R.A31N.07	0	0.025	0.181	0.035	0.09	0.09	0.052	0.103	0.323	0.119	0.237	0	0.019	0.121	0.174	0.118	0.093	0.121	0.132	0.145	0.136	0.125	0.077	0.214	0.622
TCGA.FC.A8O0.01A.41R.A37L.07	0.024	0.085	0.146	0.076	0.033	0.046	0.079	0.021	0.267	0.17	0	0	0	0.079	0.153	0.052	0.132	0.121	0.1	0.304	0.164	0.067	0.13	0.11	0.668
TCGA.G9.6329.01A.13R.1965.07	0.002	0.049	0.263	0.049	0.052	0.078	0.138	0.11	0.346	0.136	0.308	0.053	0.008	0.155	0.192	0.075	0.086	0.067	0.08	0.375	0.109	0.09	0.153	0.175	0.672
TCGA.G9.6332.01A.11R.1789.07	0	0.03	0.223	0.023	0	0.076	0.103	0.106	0.332	0.173	0.179	0.055	0.041	0.074	0.172	0.124	0.063	0.115	0.098	0.228	0.16	0.085	0.064	0.197	0.63
TCGA.G9.6333.01A.12R.1965.07	0.013	0	0.261	0.101	0.111	0.098	0.167	0.134	0.275	0.14	0.218	0.024	0.051	0.079	0.135	0.149	0.046	0.088	0.224	0.291	0.101	0.065	0.129	0.133	0.697
TCGA.G9.6333.11A.01R.1965.07	0.033	0.026	0.202	0.069	0.036	0.105	0.128	0	0.352	0.115	0.143	0.031	0.017	0.123	0.272	0.094	0.086	0.06	0.112	0.344	0.095	0.058	0.161	0.158	0.666
TCGA.G9.6336.01A.11R.1789.07	0	0.036	0.213	0.108	0	0.121	0.145	0.1	0.255	0.183	0.134	0	0.018	0.111	0.173	0.118	0.072	0.103	0.144	0.278	0.12	0.072	0.059	0.105	0.601
TCGA.G9.6338.01A.12R.1965.07	0	0	0.207	0.021	0.063	0.09	0.199	0.028	0.293	0.147	0.176	0	0.053	0.219	0.3	0.098	0.038	0.161	0.173	0.322	0.117	0.03	0.114	0.108	0.679
TCGA.G9.6339.01A.12R.A311.07	0	0.006	0.268	0.074	0.082	0.101	0.125	0.098	0.327	0.154	0.295	0.01	0.039	0.079	0.215	0.06	0.052	0.081	0.079	0.338	0.123	0.12	0.124	0.189	0.627
TCGA.G9.6342.01A.11R.1965.07	0.012	0.022	0.207	0.083	0.077	0.062	0.091	0.091	0.331	0.172	0.188	0.018	0.04	0.115	0.195	0.109	0.075	0.1	0.062	0.233	0.161	0.065	0.125	0.136	0.601
TCGA.G9.6342.11A.02R.1965.07	0.012	0.005	0.251	0.085	0	0.108	0.196	0.114	0.313	0.17	0.238	0.036	0.028	0.123	0.172	0.021	0.074	0.083	0.042	0.354	0.113	0.074	0.101	0.153	0.565
TCGA.G9.6343.01A.21R.1965.07	0	0.025	0.211	0.075	0.024	0.079	0.153	0.109	0.333	0.152	0.135	0	0.03	0.167	0.2	0.041	0.039	0.093	0.167	0.287	0.146	0.044	0.079	0.139	0.595
TCGA.G9.6347.01A.11R.A31N.07	0	0	0.312	0.101	0.077	0.013	0.144	0.104	0.293	0.073	0.337	0.049	0.001	0.19	0.271	0.071	0.126	0.066	0.194	0.414	0.036	0.119	0.185	0.211	0.782
TCGA.G9.6348.01A.11R.1789.07	0	0.039	0.282	0.065	0.124	0.04	0.08	0.101	0.33	0.135	0.34	0.105	0	0.126	0.261	0.142	0.049	0.094	0.153	0.265	0.119	0.055	0.124	0.151	0.66
TCGA.G9.6348.11A.01R.1789.07	0	0.025	0.255	0.073	0.106	0.041	0.124	0.083	0.32	0.105	0.304	0.04	0.013	0.204	0.273	0.009	0.087	0.08	0.011	0.331	0.083	0.08	0.181	0.174	0.573
TCGA.G9.6351.01A.21R.1965.07	0	0.024	0.211	0.081	0	0.097	0.116	0.061	0.333	0.185	0.158	0.042	0.015	0.11	0.185	0.039	0.056	0.107	0.039	0.292	0.15	0.073	0.052	0.167	0.542
TCGA.G9.6351.11A.01R.1965.07	0.012	0.042	0.226	0.04	0.037	0	0	0.074	0.337	0.167	0.206	0.054	0	0.163	0.229	0.053	0.077	0.083	0.04	0.263	0.129	0.079	0.111	0.16	0.551
TCGA.G9.6353.01A.11R.1965.07	0.003	0.035	0.195	0.077	0.045	0.074	0.119	0.074	0.269	0.185	0.107	0	0.034	0.172	0.172	0.025	0.094	0.08	0.035	0.297	0.136	0.069	0.112	0.147	0.556
TCGA.G9.6354.01A.11R.A311.07	0	0.019	0.234	0.117	0.109	0.097	0.105	0.102	0.323	0.16	0.249	0	0.07	0.097	0.139	0.109	0.033	0.098	0.105	0.288	0.132	0.066	0.107	0.166	0.623
TCGA.G9.6356.01A.11R.1789.07	0	0.047	0.285	0.091	0.084	0.079	0.18	0.142	0.249	0.119	0.274	0.083	0.014	0.149	0.252	0.117	0.063	0.057	0.175	0.357	0.086	0.073	0.159	0.151	0.7
TCGA.G9.6356.11A.01R.1789.07	0.031	0.01	0.289	0.151	0	0.097	0.126	0.227	0.279	0.138	0.293	0.051	0.059	0.004	0.16	0.085	0.051	0.019	0.114	0.418	0.101	0.082	0.146	0.185	0.673
TCGA.G9.6361.01A.21R.1965.07	0	0.039	0.226	0.004	0.111	0.037	0.152	0.027	0.334	0.16	0.091	0.01	0	0.198	0.236	0.073	0.053	0.123	0.06	0.23	0.186	0.067	0.109	0.133	0.581
TCGA.G9.6362.01A.11R.1789.07	0	0.072	0.186	0.02	0.049	0.13	0.155	0.044	0.332	0.191	0.079	0.008	0.057	0.075	0.196	0.12	0.058	0.144	0.124	0.282	0.14	0.107	0.109	0.151	0.678
TCGA.G9.6362.11A.01R.1789.07	0	0.073	0.15	0.037	0.089	0.07	0.046	0.031	0.368	0.182	0.095	0.006	0.026	0.086	0.228	0.069	0.076	0.112	0.095	0.218	0.169	0.061	0.112	0.142	0.597
TCGA.G9.6363.01A.21R.1789.07	0.035	0.065	0.223	0.047	0.124	0.024	0.11	0.105	0.346	0.138	0.25	0.101	0	0.13	0.24	0.14	0.079	0.092	0.081	0.212	0.113	0.03	0.111	0.18	0.606
TCGA.G9.6363.11A.01R.1789.07	0.016	0.06	0.249	0.026	0.147	0.03	0.084	0.098	0.331	0.135	0.223	0.071	0	0.151	0.237	0.1	0.126	0.113	0.053	0.216	0.129	0.045	0.133	0.139	0.606
TCGA.G9.6364.01A.21R.1789.07	0	0.039	0.213	0.061	0.096	0.044	0.093	0.104	0.299	0.141	0.216	0.05	0.012	0.196	0.212	0.135	0.057	0.107	0.131	0.205	0.117	0.055	0.146	0.129	0.617
TCGA.G9.6365.01A.11R.1789.07	0.006	0.057	0.243	0.034	0.057	0.084	0.14	0.095	0.333	0.134	0.253	0.069	0.013	0.147	0.2	0.064	0.062	0.094	0.099	0.344	0.109	0.09	0.136	0.17	0.648
TCGA.G9.6365.11A.01R.1789.07	0.019	0.034	0.254	0.094	0	0.117	0.158	0.156	0.248	0.116	0.335	0.014	0.029	0.14	0.13	0.048	0.056	0.031	0.055	0.405	0.08	0.112	0.171	0.124	0.582
TCGA.G9.6366.01A.11R.2118.07	0	0	0.235	0.061	0.094	0.096	0.212	0.083	0.303	0.167	0.214	0.044	0.056	0.076	0.245	0.048	0.037	0.063	0.065	0.252	0.123	0.069	0.087	0.179	0.514
TCGA.G9.6367.01A.11R.1789.07	0	0.022	0.273	0.086	0.039	0.032	0.068	0.119	0.309	0.174	0.248	0.058	0	0.168	0.208	0.029	0.076	0.066	0.026	0.317	0.124	0.089	0.12	0.164	0.554
TCGA.G9.6369.01A.21R.1965.07	0	0.023	0.163	0.06	0.043	0.113	0.147	0.032	0.278	0.149	0.085	0.06	0.023	0.081	0.208	0.092	0.126	0.122	0.139	0.223	0.165	0.009	0.053	0.134	0.633
TCGA.G9.6370.01A.11R.1789.07	0.002	0.014	0.223	0.101	0.056	0.073	0.104	0.099	0.307	0.156	0.282	0.08	0.01	0.166	0.219	0.077	0.069	0.051	0.073	0.293	0.1	0.083	0.142	0.144	0.569
TCGA.G9.6371.01A.11R.1789.07	0	0	0.231	0.057	0.067	0.12	0.126	0.127	0.343	0.17	0.179	0.031	0.017	0.097	0.203	0.117	0.054	0.078	0.111	0.302	0.156	0.036	0.081	0.181	0.648
TCGA.G9.6373.01A.11R.1789.07	0.013	0.002	0.237	0.034	0.087	0.061	0.179	0.095	0.338	0.139	0.324	0.074	0	0.162	0.189	0.081	0.082	0.084	0.086	0.312	0.118	0.066	0.158	0.177	0.659
TCGA.G9.6377.01A.11R.1965.07	0	0.016	0.291	0.057	0.148	0.063	0.122	0.144	0.292	0.149	0.293	0.091	0.006	0.097	0.184	0.113	0.051	0.088	0.112	0.235	0.101	0.088	0.149	0.157	0.604
TCGA.G9.6378.01A.11R.1789.07	0	0.027	0.242	0.071	0.126	0.07	0.177	0.116	0.312	0.132	0.196	0.048	0.039	0.18	0.21	0.042	0.053	0.066	0.068	0.296	0.118	0.035	0.145	0.178	0.58
TCGA.G9.6379.01A.11R.A31N.07	0	0	0.346	0.111	0.081	0.026	0.114	0.171	0.288	0.096	0.389	0.014	0.005	0.158	0.227	0.11	0.119	0.04	0.178	0.435	0.072	0.08	0.183	0.206	0.807
TCGA.G9.6384.01A.11R.1789.07	0	0.03	0.256	0.074	0.127	0.103	0.242	0.125	0.309	0.138	0.235	0.078	0.016	0.09	0.161	0.076	0.069	0.068	0.096	0.289	0.109	0.079	0.121	0.157	0.591
TCGA.G9.6384.11A.01R.1858.07	0	0.007	0.263	0.098	0	0.049	0.148	0.072	0.321	0.168	0.226	0.034	0	0.128	0.172	0.04	0.037	0.048	0.035	0.373	0.142	0.075	0.063	0.149	0.532
TCGA.G9.6385.01A.11R.1789.07	0.032	0.002	0.219	0.081	0.122	0.098	0.127	0.07	0.291	0.177	0.147	0.051	0.033	0.106	0.172	0.08	0.071	0.11	0.122	0.255	0.133	0.035	0.138	0.148	0.634
TCGA.G9.6494.01A.11R.1789.07	0	0.035	0.177	0.066	0.093	0.051	0.065	0.052	0.31	0.147	0.219	0.093	0	0.105	0.252	0.118	0.068	0.108	0.139	0.141	0.158	0.015	0.073	0.134	0.564
TCGA.G9.6496.01A.11R.1789.07	0	0.01	0.277	0.075	0.117	0.042	0.048	0.099	0.335	0.13	0.108	0	0.046	0.167	0.198	0.109	0.064	0.139	0.142	0.304	0.139	0.061	0.107	0.11	0.669
TCGA.G9.6496.11A.01R.1789.07	0.004	0.045	0.22	0.091	0.045	0.081	0.092	0.062	0.327	0.132	0.265	0.028	0.02	0.198	0.199	0.027	0.115	0.079	0.028	0.324	0.082	0.077	0.19	0.129	0.585
TCGA.G9.6498.01A.12R.A311.07	0	0	0.316	0.06	0.101	0.098	0.115	0.077	0.297	0.094	0.448	0.129	0	0.167	0.247	0.033	0.115	0.033	0.08	0.36	0.064	0.069	0.186	0.247	0.672
TCGA.G9.6499.01A.12R.1965.07	0	0	0.257	0.11	0.125	0.077	0.105	0.106	0.265	0.181	0.203	0.02	0.043	0.148	0.122	0.092	0.053	0.091	0.162	0.318	0.122	0.066	0.083	0.144	0.64
TCGA.G9.6499.11A.02R.1965.07	0.003	0.028	0.217	0.031	0.027	0.029	0.048	0.091	0.337	0.17	0.244	0.129	0	0.207	0.201	0.04	0.126	0.073	0.106	0.233	0.105	0.075	0.12	0.173	0.586
TCGA.G9.7509.01A.11R.A41O.07	0.002	0.033	0.223	0.074	0.062	0.099	0.14	0.095	0.296	0.157	0.231	0.043	0.046	0.146	0.138	0.051	0.062	0.076	0.044	0.248	0.142	0.083	0.135	0.118	0.526
TCGA.G9.7510.01A.11R.2263.07	0	0.014	0.233	0.095	0.121	0.058	0.13	0.122	0.287	0.155	0.265	0.07	0.016	0.145	0.219	0.128	0.049	0.099	0.209	0.247	0.112	0.036	0.15	0.127	0.674
TCGA.G9.7519.01A.11R.2263.07	0	0.027	0.254	0.063	0.13	0.087	0.134	0.086	0.313	0.137	0.159	0.011	0.03	0.152	0.198	0.132	0.03	0.098	0.174	0.277	0.118	0.028	0.087	0.148	0.639
TCGA.G9.7521.01A.11R.2263.07	0	0	0.295	0.063	0.114	0.102	0.318	0.184	0.294	0.103	0.338	0.126	0	0.074	0.268	0.113	0.065	0.04	0.188	0.311	0.048	0.068	0.166	0.207	0.683
TCGA.G9.7522.01A.11R.2263.07	0	0	0.248	0.09	0.079	0.092	0.151	0.104	0.278	0.163	0.279	0.065	0.032	0.142	0.21	0.135	0.038	0.087	0.143	0.29	0.113	0.059	0.133	0.173	0.668
TCGA.G9.7523.01A.11R.2263.07	0	0.015	0.254	0.025	0.133	0.07	0.23	0.091	0.279	0.099	0.333	0.121	0	0.237	0.265	0.167	0.038	0.11	0.17	0.284	0.045	0.028	0.193	0.188	0.718
TCGA.G9.7525.01A.31R.2263.07	0	0.032	0.194	0.085	0.074	0.112	0.092	0.09	0.344	0.157	0.051	0	0.001	0.165	0.192	0.193	0.046	0.18	0.207	0.254	0.16	0.022	0.084	0.129	0.753
TCGA.G9.A9S0.01A.11R.A41O.07	0	0.011	0.257	0.05	0.116	0.081	0.172	0.186	0.29	0.144	0.291	0.065	0.046	0.097	0.195	0.145	0.093	0.082	0.152	0.306	0.095	0.041	0.148	0.211	0.74
TCGA.G9.A9S4.01A.11R.A41O.07	0	0.06	0.161	0.068	0.03	0.11	0.121	0.076	0.335	0.121	0.187	0	0.053	0.012	0.172	0.083	0.062	0.099	0.125	0.238	0.157	0.114	0.134	0.115	0.608
TCGA.G9.A9S7.01A.11R.A41O.07	0.02	0.018	0.235	0.073	0.088	0.101	0.115	0.151	0.307	0.155	0.297	0.024	0.076	0.076	0.153	0.097	0.066	0.099	0.057	0.263	0.103	0.096	0.178	0.19	0.632
TCGA.H9.7775.01A.11R.2118.07	0.016	0.06	0.244	0.009	0.177	0.07	0.072	0.033	0.34	0.178	0.036	0.017	0.02	0.086	0.195	0.136	0.055	0.14	0.186	0.239	0.203	0.014	0.086	0.148	0.717
TCGA.H9.A6BX.01A.31R.A311.07	0.029	0.018	0.276	0.091	0.087	0.085	0.174	0.139	0.309	0.085	0.205	0.061	0.032	0.158	0.218	0.128	0.075	0.13	0.166	0.368	0.07	0.046	0.195	0.164	0.779
TCGA.H9.A6BY.01A.11R.A30B.07	0	0.07	0.178	0.017	0.069	0.034	0.024	0.092	0.371	0.145	0.097	0	0.033	0.09	0.191	0.088	0.096	0.125	0.082	0.282	0.158	0.092	0.054	0.192	0.647
TCGA.HC.7075.01A.11R.1965.07	0.022	0.015	0.195	0.032	0.166	0.08	0.165	0.144	0.258	0.168	0.331	0.176	0.021	0.056	0.114	0.054	0.132	0.075	0.072	0.142	0.12	0.029	0.166	0.204	0.58
TCGA.HC.7077.01A.11R.1965.07	0.001	0.029	0.2	0.093	0.055	0.112	0.107	0.12	0.181	0.182	0.134	0.077	0.015	0.038	0.105	0.137	0.071	0.141	0.136	0.153	0.166	0.038	0.045	0.148	0.599
TCGA.HC.7078.01A.11R.2118.07	0	0	0.255	0.081	0.117	0.08	0.156	0.092	0.248	0.16	0.307	0.087	0.029	0.099	0.227	0.15	0.05	0.083	0.201	0.255	0.118	0.061	0.167	0.145	0.703
TCGA.HC.7079.01A.11R.1965.07	0	0	0.338	0.13	0.219	0.089	0.284	0.224	0.206	0.011	0.432	0.139	0	0.115	0.224	0.142	0.201	0.05	0.204	0.381	0.003	0.052	0.201	0.198	0.828
TCGA.HC.7080.01A.11R.1965.07	0	0	0.229	0.033	0.142	0.143	0.193	0.118	0.149	0.19	0.131	0	0.044	0.035	0.216	0.1	0.06	0.167	0.171	0.148	0.163	0.079	0.096	0.096	0.602
TCGA.HC.7081.01A.11R.1965.07	0	0	0.267	0.067	0.148	0.102	0.233	0.109	0.303	0.132	0.19	0.097	0.008	0.146	0.206	0.22	0.072	0.151	0.282	0.319	0.105	0.03	0.139	0.107	0.839
TCGA.HC.7209.01A.11R.2118.07	0.034	0.011	0.239	0.09	0.079	0.084	0.138	0.137	0.216	0.142	0.221	0.061	0.036	0.084	0.164	0.14	0.042	0.115	0.164	0.241	0.136	0.083	0.12	0.151	0.666
TCGA.HC.7210.01A.11R.2118.07	0	0	0.251	0.122	0.134	0.123	0.19	0.097	0.276	0.126	0.331	0.106	0.023	0.101	0.198	0.136	0.079	0.103	0.243	0.293	0.112	0.021	0.158	0.11	0.741
TCGA.HC.7211.01A.11R.2118.07	0.01	0	0.199	0.129	0.114	0.103	0.17	0.102	0.131	0.156	0.229	0.072	0.008	0.084	0.222	0.116	0.02	0.132	0.245	0.162	0.163	0.052	0.121	0.098	0.635
TCGA.HC.7211.11A.01R.2118.07	0.057	0.024	0.108	0.052	0	0.113	0.04	0	0.112	0.178	0.007	0	0	0.152	0.267	0.032	0.1	0.099	0.1	0.278	0.169	0.061	0.112	0.081	0.583
TCGA.HC.7212.01A.11R.2118.07	0.011	0	0.222	0.026	0.125	0.113	0.128	0.102	0.231	0.162	0.144	0.082	0.024	0.079	0.24	0.136	0.05	0.147	0.188	0.178	0.178	0.021	0.133	0.121	0.68
TCGA.HC.7213.01A.11R.2118.07	0	0.048	0.19	0.079	0.133	0.141	0.23	0.071	0.272	0.109	0.229	0.029	0.058	0.097	0.156	0.176	0.07	0.142	0.236	0.268	0.13	0.048	0.149	0.087	0.755
TCGA.HC.7230.01A.11R.2118.07	0.01	0.036	0.149	0.028	0	0.119	0.107	0.059	0.253	0.199	0.098	0.08	0	0.076	0.186	0.155	0.065	0.115	0.116	0.105	0.197	0.054	0.05	0.139	0.566
TCGA.HC.7231.01A.11R.2118.07	0.008	0	0.23	0.06	0.138	0.101	0.201	0.12	0.189	0.16	0.27	0.12	0.044	0.084	0.254	0.159	0.081	0.077	0.114	0.187	0.135	0.059	0.181	0.191	0.676
TCGA.HC.7232.01A.11R.2118.07	0	0	0.205	0	0.004	0.146	0.193	0.113	0.336	0.204	0.066	0.031	0.043	0.121	0.245	0.151	0.06	0.11	0.188	0.273	0.181	0.068	0.039	0.129	0.68
TCGA.HC.7233.01A.11R.2118.07	0	0.003	0.298	0.101	0.134	0.102	0.236	0.159	0.274	0.117	0.317	0.136	0	0.1	0.153	0.139	0.054	0.091	0.237	0.322	0.082	0.074	0.141	0.169	0.742
TCGA.HC.7736.01A.11R.2118.07	0	0	0.222	0.075	0.138	0.097	0.264	0.097	0.273	0.156	0.315	0.094	0	0.125	0.19	0.131	0.064	0.079	0.183	0.293	0.131	0.058	0.161	0.118	0.698
TCGA.HC.7737.01A.11R.2118.07	0	0	0.302	0.068	0.159	0.094	0.176	0.119	0.267	0.142	0.403	0.158	0	0.133	0.143	0.124	0.056	0.071	0.18	0.299	0.079	0.059	0.181	0.143	0.68
TCGA.HC.7737.11A.02R.2118.07	0.039	0.022	0.173	0.069	0	0.065	0.028	0.018	0.275	0.187	0.078	0	0	0.161	0.279	0.039	0.092	0.112	0.074	0.318	0.154	0.063	0.1	0.097	0.593
TCGA.HC.7738.01A.11R.2118.07	0.033	0.043	0.197	0.113	0.08	0.082	0.123	0.1	0.264	0.157	0.104	0.065	0.037	0.103	0.154	0.162	0.062	0.115	0.18	0.179	0.124	0.017	0.145	0.134	0.662
TCGA.HC.7738.11A.01R.2118.07	0.03	0.023	0.156	0.062	0	0.012	0	0.001	0.279	0.175	0.152	0.037	0	0.17	0.298	0.009	0.101	0.101	0.062	0.284	0.14	0.066	0.135	0.107	0.564
TCGA.HC.7740.01A.11R.2118.07	0.004	0	0.267	0.083	0.118	0.11	0.142	0.085	0.291	0.136	0.296	0.075	0.012	0.144	0.181	0.088	0.064	0.07	0.155	0.328	0.114	0.067	0.137	0.153	0.667
TCGA.HC.7740.11A.01R.2118.07	0.053	0.023	0.179	0.07	0	0.012	0	0	0.211	0.16	0	0	0	0.2	0.25	0.052	0.109	0.079	0.095	0.286	0.138	0.104	0.121	0.104	0.591
TCGA.HC.7742.01A.11R.2118.07	0.001	0.036	0.229	0.084	0.044	0.088	0.125	0.054	0.315	0.162	0.108	0.018	0.009	0.188	0.198	0.108	0.063	0.12	0.155	0.272	0.128	0.055	0.087	0.115	0.63
TCGA.HC.7742.11A.01R.2118.07	0.02	0.034	0.273	0.071	0.102	0	0	0.066	0.288	0.167	0.109	0.029	0	0.175	0.205	0.098	0.072	0.1	0.106	0.22	0.148	0.08	0.083	0.154	0.589
TCGA.HC.7744.01A.11R.2118.07	0.015	0.047	0.167	0.089	0	0.13	0.143	0.08	0.275	0.151	0.041	0.003	0.003	0.105	0.138	0.208	0.084	0.133	0.153	0.214	0.189	0.051	0	0.113	0.657
TCGA.HC.7745.01A.11R.2118.07	0	0.015	0.269	0.106	0.111	0.074	0.205	0.137	0.272	0.121	0.367	0.108	0.019	0.14	0.18	0.122	0.061	0.059	0.16	0.343	0.069	0.074	0.192	0.157	0.698
TCGA.HC.7745.11A.01R.2118.07	0.019	0.021	0.236	0.052	0.003	0.026	0.04	0.049	0.236	0.158	0.171	0.054	0	0.152	0.303	0.006	0.094	0.103	0.091	0.354	0.116	0.107	0.15	0.119	0.621
TCGA.HC.7747.01A.11R.2118.07	0.015	0.004	0.251	0.119	0.124	0.104	0.175	0.149	0.3	0.146	0.3	0.083	0.048	0.075	0.119	0.136	0.105	0.044	0.192	0.304	0.095	0.091	0.164	0.174	0.729
TCGA.HC.7747.11A.01R.2118.07	0.063	0.052	0.143	0.059	0.014	0.089	0.044	0	0.138	0.183	0	0.007	0	0.143	0.265	0.021	0.123	0.099	0.113	0.29	0.175	0.062	0.097	0.071	0.594
TCGA.HC.7748.01A.11R.2118.07	0.002	0	0.248	0.098	0.099	0.106	0.211	0.187	0.268	0.125	0.302	0.107	0.044	0.118	0.148	0.119	0.056	0.106	0.192	0.261	0.115	0.049	0.159	0.127	0.682
TCGA.HC.7749.01A.11R.2118.07	0	0.006	0.246	0.058	0.118	0.107	0.207	0.141	0.286	0.134	0.189	0.046	0.059	0.078	0.244	0.18	0.059	0.102	0.225	0.275	0.112	0.044	0.118	0.148	0.733
TCGA.HC.7750.01A.11R.2118.07	0.011	0.042	0.221	0.081	0.067	0.112	0.213	0.069	0.318	0.159	0.092	0.019	0.031	0.145	0.18	0.09	0.07	0.083	0.112	0.336	0.128	0.025	0.118	0.143	0.648
TCGA.HC.7752.01A.11R.2118.07	0	0.025	0.236	0.074	0.131	0.07	0.11	0.053	0.325	0.157	0.119	0	0.044	0.15	0.188	0.121	0.044	0.144	0.156	0.249	0.155	0.077	0.145	0.16	0.705
TCGA.HC.7752.11A.01R.2118.07	0	0.02	0.285	0.086	0.109	0.079	0.143	0.122	0.313	0.105	0.274	0.061	0.021	0.174	0.224	0.063	0.083	0.117	0.12	0.362	0.065	0.078	0.174	0.197	0.709
TCGA.HC.7817.01B.11R.A29R.07	0	0.008	0.243	0.108	0.115	0.091	0.133	0.102	0.301	0.107	0.304	0.085	0.025	0.176	0.226	0.16	0.074	0.135	0.219	0.317	0.074	0.055	0.153	0.146	0.767
TCGA.HC.7818.01A.11R.2118.07	0	0	0.228	0.096	0.091	0.083	0.137	0.109	0.168	0.16	0.162	0.046	0.028	0.194	0.181	0.098	0.044	0.157	0.235	0.281	0.164	0.054	0.112	0.096	0.713
TCGA.HC.7819.01A.11R.2118.07	0.02	0.031	0.211	0.063	0.086	0.104	0.142	0.1	0.165	0.167	0.159	0.031	0.03	0.073	0.166	0.106	0.054	0.109	0.121	0.169	0.177	0.057	0.103	0.143	0.59
TCGA.HC.7819.11A.01R.2118.07	0.014	0.028	0.225	0.084	0.044	0.097	0.146	0.094	0.297	0.182	0.136	0.031	0.028	0.126	0.17	0.075	0.062	0.109	0.098	0.297	0.128	0.061	0.103	0.141	0.609
TCGA.HC.7820.01A.11R.2118.07	0.014	0.014	0.279	0.057	0.117	0.109	0.163	0.116	0.292	0.166	0.183	0.032	0.048	0.064	0.172	0.056	0.052	0.074	0.061	0.283	0.133	0.085	0.14	0.172	0.584
TCGA.HC.7821.01A.12R.2118.07	0	0.018	0.233	0.043	0.136	0.142	0.252	0.152	0.294	0.13	0.24	0.1	0.053	0.024	0.167	0.137	0.108	0.133	0.251	0.274	0.113	0.039	0.162	0.133	0.788
TCGA.HC.8213.01A.11R.A29R.07	0.01	0.039	0.205	0.124	0.016	0.129	0.091	0.075	0.149	0.203	0	0.037	0	0.048	0.185	0.155	0.04	0.119	0.118	0.186	0.179	0.035	0.019	0.142	0.576
TCGA.HC.8216.01A.11R.A29R.07	0	0	0.263	0.104	0.104	0.101	0.162	0.192	0.275	0.131	0.29	0.092	0.061	0.073	0.204	0.167	0.044	0.108	0.238	0.267	0.085	0.08	0.14	0.163	0.728
TCGA.HC.8256.01A.11R.2263.07	0.027	0.047	0.248	0.025	0.132	0.105	0.153	0.131	0.217	0.168	0.26	0.124	0.068	0.061	0.133	0.086	0.066	0.075	0.113	0.214	0.122	0.061	0.14	0.198	0.609
TCGA.HC.8257.01A.11R.2263.07	0.026	0.028	0.27	0.06	0.12	0.118	0.231	0.151	0.287	0.154	0.202	0.074	0.042	0.074	0.142	0.11	0.051	0.084	0.149	0.292	0.109	0.082	0.156	0.173	0.675
TCGA.HC.8258.01A.11R.2263.07	0.009	0.021	0.23	0.097	0.054	0.095	0.182	0.119	0.275	0.123	0.322	0.069	0.049	0.104	0.206	0.087	0.057	0.057	0.103	0.362	0.111	0.06	0.166	0.1	0.626
TCGA.HC.8258.11A.01R.2263.07	0.036	0	0.135	0.092	0	0.141	0.116	0.117	0.129	0.152	0.222	0.067	0	0.113	0.34	0	0.118	0.061	0.058	0.352	0.12	0.061	0.113	0.037	0.516
TCGA.HC.8259.01A.11R.2263.07	0.009	0.041	0.179	0.091	0.074	0.153	0.157	0.073	0.214	0.162	0.061	0.022	0.029	0.094	0.13	0.125	0.064	0.099	0.113	0.182	0.145	0.042	0.118	0.158	0.603
TCGA.HC.8259.11A.01R.2263.07	0	0.011	0.259	0.108	0.057	0.117	0.123	0.11	0.325	0.151	0.16	0.019	0.066	0.164	0.219	0.06	0.063	0.093	0.086	0.314	0.099	0.053	0.121	0.172	0.606
TCGA.HC.8260.01A.11R.2263.07	0.023	0.003	0.221	0.098	0.025	0.08	0.144	0.095	0.314	0.153	0.239	0.066	0.039	0.133	0.2	0.084	0.055	0.1	0.09	0.273	0.113	0.079	0.188	0.137	0.624
TCGA.HC.8260.11A.01R.2263.07	0.024	0.041	0.174	0.093	0	0.018	0.032	0.061	0.298	0.178	0.135	0.054	0	0.156	0.201	0.018	0.08	0.087	0.013	0.243	0.144	0.076	0.115	0.146	0.508
TCGA.HC.8261.01A.11R.2263.07	0.013	0.01	0.3	0.091	0.127	0.097	0.164	0.118	0.295	0.139	0.165	0.051	0.045	0.102	0.134	0.165	0.066	0.084	0.237	0.295	0.107	0.075	0.136	0.14	0.739
TCGA.HC.8262.01A.11R.2263.07	0.004	0.068	0.224	0.064	0.025	0.147	0.215	0.109	0.297	0.166	0.151	0.027	0.058	0.069	0.2	0.099	0.046	0.106	0.088	0.302	0.139	0.045	0.1	0.144	0.615
TCGA.HC.8262.11A.01R.2263.07	0.022	0.023	0.267	0.134	0	0.095	0.127	0.188	0.254	0.115	0.274	0.043	0.014	0.164	0.146	0.052	0.023	0.095	0.11	0.413	0.114	0.096	0.129	0.127	0.639
TCGA.HC.8264.01B.11R.2403.07	0.004	0.026	0.196	0.017	0.077	0.085	0.168	0.107	0.327	0.15	0.177	0.075	0.02	0.166	0.218	0.088	0.077	0.138	0.233	0.271	0.123	0.029	0.12	0.125	0.705
TCGA.HC.8265.01A.11R.2263.07	0	0.022	0.256	0.087	0.078	0.092	0.213	0.139	0.309	0.151	0.251	0.042	0.016	0.151	0.127	0.115	0.059	0.108	0.169	0.336	0.104	0.068	0.151	0.153	0.717
TCGA.HC.8266.01A.11R.2263.07	0	0.01	0.338	0.1	0.15	0.087	0.258	0.211	0.242	0.063	0.374	0.158	0.008	0.094	0.178	0.119	0.086	0.012	0.185	0.384	0.027	0.076	0.194	0.223	0.739
TCGA.HC.A48F.01A.11R.A250.07	0.019	0.021	0.136	0.06	0.167	0.09	0.139	0	0.195	0.16	0	0	0	0.059	0.163	0.151	0.069	0.149	0.19	0.189	0.193	0.079	0.079	0.076	0.658
TCGA.HC.A4ZV.01A.11R.A26U.07	0	0	0.279	0.009	0.132	0.087	0.242	0.148	0.275	0.08	0.389	0.174	0	0.105	0.175	0.13	0.155	0.122	0.219	0.233	0.064	0.068	0.181	0.201	0.784
TCGA.HC.A631.01A.11R.A29R.07	0	0.026	0.196	0.034	0.007	0.139	0.143	0.138	0.26	0.157	0.151	0.015	0.063	0.117	0.172	0.1	0.066	0.142	0.144	0.218	0.17	0.087	0.079	0.099	0.611
TCGA.HC.A632.01A.11R.A29R.07	0	0	0.259	0.027	0.147	0.087	0.144	0.168	0.307	0.114	0.335	0.15	0.037	0.088	0.211	0.125	0.195	0.073	0.163	0.331	0.076	0.064	0.217	0.205	0.831
TCGA.HC.A6AL.01A.11R.A30B.07	0	0.035	0.235	0.078	0.11	0.064	0.111	0.147	0.299	0.116	0.299	0.023	0.053	0.166	0.219	0.193	0.089	0.072	0.223	0.334	0.094	0.034	0.125	0.163	0.776
TCGA.HC.A6AN.01A.11R.A30B.07	0	0.014	0.28	0.101	0.097	0.09	0.083	0.129	0.327	0.106	0.177	0	0.041	0.164	0.17	0.153	0.067	0.144	0.204	0.352	0.16	0.046	0.115	0.184	0.828
TCGA.HC.A6AO.01A.11R.A30B.07	0	0	0.25	0.143	0.074	0.042	0.073	0.155	0.316	0.146	0.2	0	0.034	0.123	0.168	0.156	0.025	0.18	0.312	0.35	0.156	0.077	0.076	0.171	0.858
TCGA.HC.A6AP.01A.11R.A30B.07	0	0.024	0.263	0.093	0.06	0.078	0.117	0.155	0.298	0.086	0.256	0	0.029	0.202	0.234	0.174	0.059	0.123	0.254	0.406	0.086	0.069	0.12	0.171	0.837
TCGA.HC.A6AQ.01A.11R.A30B.07	0	0.027	0.306	0.078	0.11	0.092	0.114	0.162	0.318	0.146	0.155	0	0.041	0.148	0.207	0.079	0.052	0.071	0.093	0.397	0.126	0.07	0.107	0.194	0.671
TCGA.HC.A6AS.01A.11R.A30B.07	0	0.03	0.294	0.112	0.137	0.052	0.089	0.164	0.298	0.106	0.32	0	0.03	0.151	0.228	0.152	0.039	0.096	0.284	0.386	0.073	0.069	0.145	0.172	0.809
TCGA.HC.A6HX.01A.11R.A31N.07	0	0.04	0.222	0.113	0.007	0.104	0.131	0.141	0.279	0.086	0.259	0	0.051	0.14	0.219	0.072	0.071	0.057	0.1	0.417	0.093	0.081	0.155	0.166	0.679
TCGA.HC.A6HY.01A.11R.A31N.07	0	0.037	0.237	0.078	0.002	0.046	0.026	0.175	0.321	0.162	0.211	0	0.061	0.125	0.178	0.042	0.072	0.094	0.068	0.308	0.143	0.094	0.105	0.204	0.623
TCGA.HC.A76W.01A.11R.A33R.07	0	0.037	0.227	0.056	0.146	0.025	0.1	0.066	0.315	0.132	0.21	0.021	0.014	0.19	0.188	0.158	0.057	0.113	0.221	0.252	0.13	0.078	0.136	0.133	0.721
TCGA.HC.A76X.01A.11R.A33R.07	0	0.055	0.148	0.053	0.025	0.048	0.039	0.117	0.277	0.17	0.159	0.029	0.01	0.117	0.164	0.085	0.058	0.133	0.117	0.219	0.184	0.068	0.099	0.137	0.62
TCGA.HC.A8CY.01A.11R.A36G.07	0	0	0.283	0.091	0.124	0.129	0.186	0.252	0.248	0.123	0.368	0.139	0.069	0.022	0.08	0.115	0.101	0.064	0.197	0.288	0.094	0.061	0.189	0.193	0.746
TCGA.HC.A8D0.01A.11R.A36G.07	0.015	0.031	0.256	0.036	0.121	0.101	0.162	0.117	0.303	0.116	0.287	0.077	0.014	0.152	0.249	0.133	0.091	0.098	0.151	0.296	0.077	0.06	0.196	0.172	0.729
TCGA.HC.A8D1.01A.11R.A36G.07	0	0	0.256	0.086	0.122	0.098	0.154	0.1	0.274	0.128	0.361	0.07	0.028	0.139	0.182	0.092	0.055	0.072	0.126	0.326	0.092	0.095	0.173	0.149	0.653
TCGA.HC.A9TE.01A.11R.A41O.07	0.015	0.018	0.278	0.05	0.134	0.093	0.268	0.162	0.286	0.064	0.35	0.108	0.025	0.086	0.246	0.129	0.118	0.089	0.15	0.351	0.037	0.054	0.213	0.197	0.771
TCGA.HC.A9TH.01A.11R.A41O.07	0	0.067	0.237	0.024	0.116	0.113	0.221	0.135	0.318	0.126	0.258	0.118	0.028	0.097	0.162	0.158	0.047	0.137	0.222	0.244	0.121	0.06	0.153	0.133	0.73
TCGA.HI.7168.01A.11R.2118.07	0.023	0.064	0.122	0.044	0.103	0.099	0.101	0	0.279	0.133	0.151	0.035	0	0.16	0.218	0.114	0.071	0.134	0.138	0.25	0.138	0.013	0.183	0.078	0.665
TCGA.HI.7169.01A.11R.2118.07	0	0.009	0.241	0.067	0.102	0.068	0.199	0.028	0.328	0.112	0.151	0	0.021	0.24	0.239	0.021	0.085	0.112	0.017	0.382	0.091	0.053	0.157	0.191	0.635
TCGA.HI.7170.01A.11R.2118.07	0	0.05	0.292	0.072	0.152	0.038	0.086	0.098	0.305	0.122	0.321	0.081	0	0.171	0.178	0.095	0.045	0.081	0.137	0.292	0.09	0.08	0.144	0.22	0.663
TCGA.HI.7171.01A.12R.2118.07	0	0	0.211	0	0.124	0.122	0.238	0.067	0.333	0.144	0.216	0.079	0.021	0.123	0.308	0.102	0.063	0.116	0.07	0.247	0.127	0.032	0.158	0.168	0.631
TCGA.J4.8198.01A.11R.2263.07	0	0.009	0.222	0.021	0.119	0.087	0.194	0.093	0.311	0.152	0.223	0.106	0.032	0.169	0.185	0.085	0.087	0.107	0.081	0.25	0.123	0.056	0.18	0.136	0.63
TCGA.J4.8200.01A.11R.A29R.07	0	0	0.216	0.058	0.092	0.072	0.184	0.086	0.3	0.139	0.178	0.075	0.023	0.169	0.229	0.149	0.041	0.109	0.193	0.231	0.126	0.023	0.1	0.109	0.636
TCGA.J4.A67K.01A.21R.A30B.07	0	0	0.284	0.083	0.101	0.073	0.22	0.173	0.294	0.101	0.345	0	0.032	0.121	0.177	0.079	0.084	0.084	0.166	0.319	0.087	0.104	0.146	0.222	0.713
TCGA.J4.A67L.01A.11R.A30B.07	0	0.016	0.266	0.093	0.095	0.09	0.14	0.155	0.314	0.117	0.282	0.001	0.059	0.131	0.177	0.185	0.068	0.051	0.175	0.356	0.089	0.093	0.135	0.217	0.767
TCGA.J4.A67M.01A.11R.A30B.07	0	0	0.303	0.079	0.107	0.099	0.125	0.132	0.304	0.104	0.327	0.032	0	0.18	0.249	0.123	0.066	0.083	0.196	0.411	0.086	0.09	0.176	0.205	0.808
TCGA.J4.A67N.01A.11R.A30B.07	0	0.007	0.259	0.108	0.135	0.056	0.104	0.134	0.308	0.126	0.254	0	0.073	0.147	0.184	0.21	0.036	0.096	0.232	0.345	0.118	0.066	0.095	0.185	0.792
TCGA.J4.A67O.01A.11R.A30B.07	0	0.054	0.277	0.165	0	0	0	0.091	0.317	0.117	0.226	0	0.02	0.184	0.189	0.091	0.081	0.075	0.1	0.393	0.119	0.034	0.122	0.177	0.696
TCGA.J4.A67Q.01A.21R.A30B.07	0	0.046	0.249	0.104	0.125	0.051	0.109	0.09	0.31	0.092	0.369	0.018	0.016	0.186	0.259	0.068	0.082	0.081	0.143	0.366	0.081	0.042	0.195	0.182	0.72
TCGA.J4.A67R.01A.21R.A30B.07	0	0.003	0.257	0.1	0.11	0.073	0.125	0.146	0.284	0.106	0.384	0.028	0.021	0.163	0.182	0.078	0.151	0.037	0.067	0.415	0.068	0.087	0.196	0.195	0.725
TCGA.J4.A67S.01A.11R.A30B.07	0	0	0.28	0.074	0.09	0.069	0.202	0.172	0.275	0.126	0.379	0	0.036	0.117	0.215	0.065	0.049	0.032	0.084	0.382	0.099	0.099	0.162	0.204	0.646
TCGA.J4.A67T.01A.11R.A311.07	0	0	0.22	0.089	0.079	0.076	0.133	0.117	0.252	0.169	0.205	0.03	0.034	0.16	0.148	0.098	0.018	0.12	0.184	0.253	0.162	0.085	0.129	0.134	0.659
TCGA.J4.A6G1.01A.11R.A311.07	0	0	0.31	0.104	0.172	0.075	0.193	0.148	0.29	0.055	0.401	0.164	0	0.1	0.177	0.087	0.259	0	0.068	0.384	0.01	0.075	0.231	0.218	0.756
TCGA.J4.A6G3.01A.11R.A311.07	0	0	0.296	0.095	0.129	0.086	0.189	0.161	0.29	0.086	0.437	0.127	0	0.056	0.261	0.136	0.059	0.044	0.176	0.353	0.058	0.071	0.2	0.164	0.715
TCGA.J4.A6M7.01A.11R.A31N.07	0	0.06	0.179	0.067	0.098	0.09	0.101	0.044	0.339	0.171	0.057	0.024	0.01	0.067	0.184	0.106	0.06	0.112	0.116	0.211	0.176	0.042	0.086	0.161	0.617
TCGA.J4.A83I.01A.11R.A36G.07	0.003	0.004	0.254	0.075	0.104	0.116	0.315	0.115	0.27	0.133	0.347	0.11	0.047	0.027	0.106	0.135	0.04	0.11	0.109	0.271	0.101	0.048	0.218	0.125	0.666
TCGA.J4.A83J.01A.11R.A36G.07	0	0	0.258	0.073	0.117	0.103	0.206	0.184	0.196	0.121	0.381	0.083	0.051	0.08	0.22	0.099	0.065	0.046	0.186	0.271	0.099	0.068	0.158	0.15	0.645
TCGA.J4.A83J.11A.11R.A36G.07	0	0	0.292	0.115	0.109	0.083	0.147	0.217	0.262	0.09	0.395	0.054	0.037	0.178	0.228	0.034	0.048	0.061	0.107	0.429	0.08	0.059	0.205	0.156	0.673
TCGA.J4.A83K.01A.11R.A352.07	0	0.038	0.202	0.058	0.123	0.08	0.176	0.088	0.272	0.17	0.149	0.023	0.037	0.179	0.175	0.084	0.048	0.102	0.121	0.283	0.123	0.032	0.148	0.12	0.618
TCGA.J4.A83L.01A.11R.A352.07	0	0.033	0.235	0.093	0.157	0.051	0.119	0.068	0.27	0.173	0.196	0.026	0.023	0.104	0.24	0.053	0.048	0.112	0.126	0.255	0.148	0.019	0.132	0.113	0.593
TCGA.J4.A83M.01A.11R.A352.07	0	0	0.297	0.027	0.135	0.124	0.176	0.144	0.264	0.149	0.33	0.071	0.041	0.106	0.118	0.109	0.048	0.101	0.129	0.345	0.114	0.088	0.171	0.17	0.713
TCGA.J4.A83N.01A.11R.A352.07	0	0.049	0.207	0.092	0.128	0.101	0.199	0.142	0.262	0.158	0.258	0.005	0.049	0.088	0.128	0.127	0.055	0.085	0.117	0.202	0.139	0.05	0.13	0.14	0.598
TCGA.J4.AATV.01A.11R.A41O.07	0	0.045	0.226	0.101	0.145	0.105	0.239	0.081	0.224	0.144	0.278	0	0.012	0.176	0.143	0.1	0.054	0.081	0.173	0.351	0.107	0.061	0.186	0.116	0.702
TCGA.J4.AATZ.01A.11R.A41O.07	0	0	0.197	0.075	0.078	0.088	0.183	0.102	0.257	0.157	0.25	0.071	0.021	0.108	0.19	0.102	0.045	0.103	0.133	0.162	0.143	0.033	0.121	0.159	0.581
TCGA.J4.AAU2.01A.11R.A41O.07	0	0	0.225	0.051	0.11	0.107	0.187	0.126	0.251	0.136	0.338	0.106	0.076	0.075	0.187	0.028	0.098	0.063	0.082	0.251	0.114	0.065	0.159	0.172	0.58
TCGA.J9.A52B.01A.11R.A26U.07	0.002	0.058	0.278	0.075	0.106	0.096	0.129	0.209	0.307	0.151	0.202	0.005	0.045	0.108	0.173	0.123	0.076	0.09	0.169	0.325	0.112	0.041	0.168	0.152	0.73
TCGA.J9.A52C.01A.11R.A26U.07	0	0.025	0.33	0.062	0.085	0.071	0.156	0.135	0.305	0.109	0.367	0.051	0	0.163	0.178	0.131	0.019	0.088	0.23	0.439	0.089	0.092	0.183	0.143	0.795
TCGA.J9.A52D.01A.11R.A29R.07	0.019	0.05	0.094	0	0.038	0.101	0.117	0.073	0.177	0.17	0.007	0.083	0	0	0.072	0.102	0.116	0.16	0.191	0.106	0.202	0.01	0.003	0.127	0.605
TCGA.J9.A52E.01A.11R.A26U.07	0	0.024	0.295	0.031	0.136	0.158	0.293	0.121	0.306	0.126	0.165	0	0	0.113	0.195	0.122	0.063	0.15	0.233	0.319	0.09	0.041	0.156	0.235	0.822
TCGA.J9.A8CK.01A.11R.A352.07	0	0.038	0.251	0.038	0.127	0.066	0.1	0.056	0.295	0.153	0.141	0	0.01	0.215	0.188	0.147	0.064	0.137	0.192	0.242	0.138	0.051	0.151	0.085	0.694
TCGA.J9.A8CL.01A.11R.A352.07	0	0.037	0.284	0.026	0.106	0.095	0.172	0.139	0.26	0.054	0.287	0.064	0.042	0.196	0.175	0.133	0.096	0.121	0.235	0.335	0.093	0.049	0.188	0.156	0.815
TCGA.J9.A8CM.01A.11R.A352.07	0.006	0.038	0.241	0.008	0.138	0.061	0.085	0.146	0.322	0.132	0.172	0.006	0.015	0.2	0.235	0.176	0.052	0.157	0.23	0.203	0.142	0.034	0.171	0.151	0.77
TCGA.J9.A8CN.01A.11R.A352.07	0	0	0.219	0.131	0.096	0.103	0.169	0.038	0.25	0.16	0.227	0.058	0.013	0.024	0.23	0.064	0.017	0.132	0.129	0.269	0.167	0.033	0.089	0.102	0.582
TCGA.J9.A8CP.01A.11R.A352.07	0	0.024	0.253	0.107	0.142	0.118	0.135	0.069	0.297	0.127	0.101	0	0.059	0.103	0.207	0.075	0.065	0.089	0.115	0.295	0.127	0.063	0.112	0.152	0.619
TCGA.KC.A4BL.01A.31R.A250.07	0	0.036	0.291	0.088	0.125	0.098	0.168	0.1	0.296	0.115	0.349	0.035	0.007	0.155	0.211	0.094	0.08	0.047	0.108	0.389	0.083	0.078	0.174	0.141	0.67
TCGA.KC.A4BN.01A.61R.A250.07	0	0	0.214	0.104	0.046	0.105	0.154	0.104	0.244	0.185	0.24	0.021	0.018	0.104	0.176	0.045	0.039	0.053	0.032	0.253	0.148	0.073	0.094	0.131	0.477
TCGA.KC.A4BR.01A.32R.A32Y.07	0	0	0.217	0.082	0.122	0.036	0.122	0.073	0.243	0.171	0.22	0	0	0.26	0.187	0.046	0	0.11	0.131	0.325	0.152	0.097	0.126	0.112	0.601
TCGA.KC.A4BV.01A.31R.A26U.07	0	0.055	0.29	0.039	0.124	0.105	0.206	0.173	0.298	0.083	0.303	0.084	0.037	0.071	0.214	0.103	0.045	0.083	0.135	0.337	0.113	0.074	0.153	0.209	0.707
TCGA.KC.A7F3.01A.21R.A33R.07	0	0.018	0.201	0.092	0.023	0.099	0.151	0.116	0.294	0.163	0.255	0.016	0.034	0.15	0.139	0.101	0.051	0.091	0.15	0.298	0.124	0.092	0.128	0.137	0.648
TCGA.KC.A7F5.01A.11R.A33R.07	0.018	0.09	0.106	0.083	0.055	0.123	0.1	0.059	0.108	0.123	0.081	0	0	0.091	0.202	0.093	0.085	0.137	0.101	0.139	0.187	0.089	0.096	0.083	0.554
TCGA.KC.A7F6.01A.11R.A33R.07	0	0.035	0.276	0.037	0.115	0.109	0.158	0.126	0.311	0.143	0.264	0.019	0.026	0.127	0.156	0.089	0.049	0.115	0.11	0.319	0.113	0.089	0.151	0.173	0.673
TCGA.KC.A7FA.01A.21R.A33R.07	0	0	0.255	0.092	0.121	0.062	0.111	0.12	0.3	0.155	0.291	0.05	0.022	0.136	0.214	0.12	0.024	0.102	0.167	0.297	0.116	0.076	0.16	0.145	0.679
TCGA.KC.A7FD.01A.11R.A33R.07	0	0.016	0.157	0.112	0.085	0.109	0.127	0.127	0.183	0.149	0.178	0.055	0.034	0.079	0.18	0.096	0.046	0.117	0.147	0.132	0.19	0.018	0.085	0.144	0.575
TCGA.KC.A7FE.01A.12R.A33R.07	0.004	0.028	0.24	0.064	0.115	0.059	0.167	0.075	0.31	0.121	0.216	0.021	0.021	0.2	0.224	0.069	0.057	0.113	0.124	0.295	0.106	0.047	0.148	0.16	0.644
TCGA.KK.A59V.01A.11R.A29R.07	0	0.015	0.385	0.18	0.115	0.152	0.22	0.265	0.247	0.04	0.43	0.083	0.011	0.01	0.139	0.104	0.127	0.051	0.205	0.362	0	0.124	0.17	0.295	0.789
TCGA.KK.A59X.01A.11R.A29R.07	0.009	0.043	0.222	0.003	0.18	0.134	0.068	0.063	0.318	0.157	0.022	0.051	0	0.022	0.234	0.209	0.058	0.145	0.291	0.15	0.127	0.01	0.106	0.142	0.738
TCGA.KK.A59Y.01A.11R.A26U.07	0.002	0.023	0.186	0.058	0.085	0.136	0.173	0.112	0.299	0.149	0.186	0.015	0.096	0.06	0.202	0.115	0.084	0.12	0.088	0.231	0.148	0.019	0.162	0.152	0.662
TCGA.KK.A59Z.01A.12R.A26U.07	0	0.004	0.243	0.104	0.119	0.049	0.129	0.085	0.285	0.08	0.3	0.081	0	0.139	0.199	0.186	0.084	0.116	0.257	0.269	0.112	0.051	0.142	0.117	0.77
TCGA.KK.A5A1.01A.11R.A29R.07	0	0	0.246	0.109	0.13	0.109	0.154	0.098	0.323	0.091	0.237	0.083	0.052	0.064	0.172	0.185	0.068	0.097	0.265	0.283	0.109	0.054	0.127	0.139	0.765
TCGA.KK.A6DY.01A.12R.A311.07	0.006	0.008	0.247	0.099	0.11	0.111	0.2	0.125	0.296	0.147	0.284	0.069	0.039	0.091	0.113	0.162	0.063	0.105	0.202	0.328	0.103	0.064	0.154	0.121	0.743
TCGA.KK.A6E0.01A.11R.A311.07	0	0	0.204	0.055	0.05	0.049	0.062	0.135	0.297	0.106	0.159	0.078	0.055	0.101	0.29	0.134	0.072	0.088	0.144	0.172	0.147	0.068	0.114	0.138	0.606
TCGA.KK.A6E1.01A.11R.A311.07	0.012	0.003	0.227	0.075	0.057	0.109	0.153	0.07	0.249	0.162	0.079	0.053	0.031	0.06	0.182	0.17	0.092	0.133	0.167	0.142	0.163	0.069	0.12	0.105	0.656
TCGA.KK.A6E2.01A.11R.A311.07	0	0.009	0.217	0.033	0.14	0.095	0.11	0.107	0.304	0.144	0.306	0.141	0.037	0.071	0.141	0.136	0.105	0.102	0.086	0.204	0.131	0.049	0.149	0.191	0.664
TCGA.KK.A6E3.01A.21R.A30B.07	0	0	0.27	0.126	0.117	0.037	0.103	0.103	0.313	0.09	0.371	0.027	0.045	0.158	0.221	0.118	0.08	0.076	0.159	0.359	0.062	0.1	0.145	0.213	0.727
TCGA.KK.A6E4.01A.11R.A30B.07	0	0.042	0.198	0.135	0.053	0.078	0.113	0.155	0.334	0.135	0.199	0	0.058	0.111	0.113	0.091	0.099	0.046	0.108	0.309	0.124	0.093	0.123	0.196	0.659
TCGA.KK.A6E5.01A.11R.A311.07	0	0	0.267	0.11	0.117	0.081	0.162	0.151	0.29	0.14	0.241	0.061	0.035	0.123	0.162	0.109	0.096	0.104	0.172	0.331	0.098	0.046	0.136	0.167	0.728
TCGA.KK.A6E6.01A.11R.A311.07	0	0.021	0.23	0.065	0.074	0.099	0.158	0.109	0.319	0.127	0.345	0.074	0.033	0.128	0.208	0.133	0.042	0.088	0.145	0.315	0.104	0.073	0.142	0.163	0.68
TCGA.KK.A6E7.01A.11R.A31N.07	0	0.051	0.205	0.009	0.098	0.061	0.083	0.132	0.291	0.143	0.091	0	0.048	0.099	0.212	0.153	0.064	0.102	0.228	0.255	0.165	0.064	0.081	0.11	0.696
TCGA.KK.A6E8.01A.11R.A31N.07	0	0.044	0.179	0.071	0.005	0.02	0.055	0.059	0.362	0.151	0.087	0.034	0.008	0.022	0.181	0.14	0.055	0.14	0.183	0.186	0.179	0.061	0.092	0.144	0.672
TCGA.KK.A7AP.01A.12R.A33R.07	0	0.045	0.154	0	0	0.067	0.058	0.058	0.273	0.152	0.199	0.035	0.006	0.063	0.225	0.1	0.064	0.138	0.195	0.169	0.19	0.074	0.102	0.151	0.666
TCGA.KK.A7AQ.01A.11R.A33R.07	0	0.013	0.27	0.069	0.133	0.058	0.143	0.14	0.301	0.118	0.158	0	0.038	0.195	0.229	0.093	0.049	0.113	0.162	0.332	0.117	0.096	0.132	0.148	0.689
TCGA.KK.A7AU.01A.11R.A32O.07	0	0.017	0.181	0.055	0	0.143	0.167	0.122	0.188	0.136	0.054	0	0.06	0.027	0.172	0.104	0.072	0.112	0.142	0.235	0.171	0.139	0.035	0.184	0.635
TCGA.KK.A7AV.01A.11R.A32O.07	0	0	0.32	0.099	0.134	0.107	0.219	0.186	0.251	0.106	0.385	0.136	0	0.1	0.186	0.106	0.107	0.038	0.157	0.358	0.05	0.077	0.197	0.21	0.735
TCGA.KK.A7AW.01A.11R.A32O.07	0	0	0.297	0.116	0.101	0.05	0.131	0.186	0.297	0.086	0.363	0.002	0.045	0.144	0.194	0.124	0.117	0.089	0.202	0.427	0.093	0.073	0.123	0.219	0.837
TCGA.KK.A7AY.01A.11R.A33R.07	0	0.002	0.23	0.094	0	0.083	0.125	0.178	0.302	0.152	0.166	0	0.083	0.118	0.144	0.11	0.049	0.099	0.126	0.313	0.127	0.081	0.098	0.159	0.65
TCGA.KK.A7AZ.01A.12R.A32O.07	0	0.035	0.232	0.079	0.143	0.108	0.116	0.123	0.326	0.111	0.292	0.019	0.039	0.05	0.195	0.085	0.052	0.103	0.129	0.262	0.12	0.061	0.152	0.164	0.641
TCGA.KK.A7B0.01A.11R.A32O.07	0	0.001	0.347	0.071	0.121	0.062	0.167	0.164	0.287	0.053	0.373	0.041	0.007	0.155	0.198	0.111	0.133	0.062	0.197	0.396	0.06	0.1	0.19	0.231	0.83
TCGA.KK.A7B1.01A.11R.A32O.07	0	0.058	0.219	0.04	0.081	0.064	0.096	0.094	0.307	0.135	0.216	0.028	0.023	0.173	0.25	0.106	0.044	0.144	0.136	0.3	0.131	0.069	0.146	0.125	0.68
TCGA.KK.A7B2.01A.12R.A32O.07	0	0	0.353	0.078	0.126	0.031	0.09	0.16	0.273	0.112	0.426	0.083	0	0.122	0.191	0.156	0.043	0.056	0.2	0.357	0.063	0.118	0.196	0.203	0.765
TCGA.KK.A7B3.01A.11R.A33R.07	0	0.001	0.329	0.037	0.127	0.066	0.141	0.14	0.29	0.088	0.379	0.101	0.029	0.146	0.21	0.167	0.052	0.135	0.227	0.384	0.073	0.073	0.205	0.168	0.848
TCGA.KK.A7B4.01A.11R.A32O.07	0	0.015	0.296	0.043	0.137	0.139	0.188	0.175	0.309	0.103	0.27	0.069	0.044	0.088	0.177	0.112	0.102	0.098	0.161	0.321	0.097	0.065	0.182	0.186	0.757
TCGA.KK.A8I4.01A.11R.A36G.07	0	0	0.31	0.057	0.134	0.127	0.234	0.138	0.277	0.078	0.378	0.117	0.006	0.14	0.215	0.127	0.065	0.056	0.2	0.343	0.057	0.078	0.201	0.207	0.754
TCGA.KK.A8I5.01A.11R.A36G.07	0	0.003	0.225	0.093	0.125	0.077	0.145	0.083	0.3	0.178	0.161	0.02	0.02	0.168	0.156	0.143	0.041	0.131	0.151	0.224	0.151	0.054	0.132	0.104	0.647
TCGA.KK.A8I6.01A.11R.A36G.07	0.024	0	0.211	0.046	0.05	0.091	0.14	0.134	0.262	0.159	0.223	0.074	0.051	0.127	0.169	0.094	0.063	0.126	0.109	0.24	0.152	0.053	0.175	0.138	0.659
TCGA.KK.A8I7.01A.21R.A36G.07	0	0.014	0.257	0.108	0.079	0.071	0.15	0.131	0.292	0.126	0.225	0.056	0.042	0.148	0.201	0.13	0.073	0.118	0.236	0.345	0.107	0.057	0.152	0.117	0.768
TCGA.KK.A8I8.01A.11R.A36G.07	0.009	0.026	0.234	0	0.11	0.091	0.126	0.137	0.312	0.168	0.269	0.074	0.033	0.122	0.172	0.112	0.079	0.125	0.12	0.193	0.127	0.064	0.184	0.182	0.675
TCGA.KK.A8I9.01A.11R.A36G.07	0	0.007	0.29	0.061	0.118	0.104	0.173	0.12	0.287	0.117	0.273	0.074	0	0.138	0.203	0.121	0.023	0.128	0.254	0.345	0.11	0.087	0.166	0.131	0.768
TCGA.KK.A8IA.01A.11R.A36G.07	0.002	0.002	0.186	0.023	0	0.086	0.133	0.088	0.278	0.144	0.224	0.074	0.022	0.138	0.127	0.075	0.094	0.147	0.141	0.189	0.173	0.065	0.106	0.138	0.639
TCGA.KK.A8IB.01A.11R.A36G.07	0	0	0.299	0.051	0.139	0.078	0.155	0.147	0.268	0.13	0.338	0.099	0	0.141	0.172	0.113	0.073	0.115	0.207	0.28	0.092	0.081	0.179	0.189	0.75
TCGA.KK.A8IC.01A.11R.A36G.07	0	0.018	0.269	0.031	0.111	0.082	0.162	0.102	0.282	0.139	0.264	0.086	0	0.18	0.201	0.122	0.05	0.13	0.156	0.217	0.122	0.045	0.186	0.118	0.661
TCGA.KK.A8ID.01A.11R.A36G.07	0	0.038	0.228	0.095	0.081	0.114	0.185	0.232	0.218	0.154	0.295	0.051	0.094	0.036	0.121	0.117	0.052	0.11	0.133	0.219	0.127	0.077	0.123	0.131	0.609
TCGA.KK.A8IF.01A.11R.A36G.07	0	0.059	0.164	0.021	0.081	0.105	0.14	0.075	0.155	0.184	0.166	0	0.004	0.105	0.17	0.082	0.096	0.153	0.162	0.2	0.161	0.038	0.066	0.124	0.628
TCGA.KK.A8IG.01A.11R.A36G.07	0	0	0.268	0.054	0.126	0.037	0.15	0.123	0.284	0.122	0.243	0.063	0.011	0.179	0.218	0.121	0.037	0.12	0.21	0.3	0.117	0.049	0.123	0.142	0.703
TCGA.KK.A8IH.01A.11R.A36G.07	0.008	0.081	0.216	0.038	0.155	0.09	0.199	0.067	0.272	0.129	0.276	0.081	0.033	0.128	0.113	0.092	0.135	0.071	0.075	0.191	0.126	0.027	0.237	0.167	0.656
TCGA.KK.A8II.01A.11R.A36G.07	0	0.024	0.173	0.084	0	0.108	0.158	0.081	0.187	0.196	0.141	0.052	0.024	0.012	0.144	0.117	0.05	0.122	0.123	0.132	0.181	0.054	0.098	0.117	0.565
TCGA.KK.A8IJ.01A.11R.A352.07	0	0.011	0.2	0.103	0.132	0.097	0.093	0.06	0.266	0.171	0.121	0.007	0.007	0.132	0.129	0.172	0.041	0.134	0.214	0.256	0.171	0.027	0.065	0.095	0.69
TCGA.KK.A8IK.01A.11R.A36G.07	0	0.052	0.057	0.011	0.1	0.048	0.052	0	0	0.162	0.065	0.029	0	0.099	0.178	0.162	0.128	0.188	0.233	0.079	0.209	0.024	0.082	0.113	0.717
TCGA.KK.A8IL.01A.11R.A36G.07	0	0.029	0.329	0.113	0.13	0.121	0.224	0.192	0.278	0.14	0.345	0.096	0.002	0.067	0.148	0.138	0.025	0.089	0.228	0.309	0.066	0.059	0.169	0.163	0.713
TCGA.KK.A8IM.01A.11R.A36G.07	0	0.048	0.278	0.048	0.13	0.087	0.281	0.139	0.261	0.108	0.268	0.061	0.037	0.114	0.16	0.118	0.053	0.077	0.169	0.314	0.108	0.07	0.182	0.147	0.702
TCGA.M7.A71Y.01A.22R.A32O.07	0.001	0.038	0.219	0.044	0.064	0.117	0.112	0.117	0.306	0.139	0.28	0.052	0.046	0.163	0.175	0.089	0.063	0.092	0.104	0.297	0.102	0.079	0.155	0.148	0.63
TCGA.M7.A71Z.01A.12R.A32O.07	0.002	0.075	0.104	0.046	0	0.056	0.026	0.063	0.246	0.23	0	0	0	0.068	0.133	0.102	0.099	0.19	0.177	0.167	0.208	0.028	0	0.119	0.638
TCGA.M7.A720.01A.12R.A32O.07	0.021	0.024	0.201	0.059	0.041	0.102	0.144	0.123	0.288	0.141	0.234	0.055	0.046	0.182	0.202	0.068	0.072	0.092	0.086	0.296	0.107	0.066	0.188	0.144	0.633
TCGA.M7.A721.01A.12R.A32O.07	0.004	0.018	0.216	0.083	0.091	0.104	0.143	0.075	0.288	0.159	0.174	0.064	0.036	0.138	0.221	0.112	0.069	0.107	0.149	0.274	0.121	0.036	0.157	0.142	0.68
TCGA.M7.A722.01A.12R.A36G.07	0	0.062	0.193	0	0.176	0.069	0.08	0.102	0.196	0.194	0.049	0.019	0	0.113	0.09	0.154	0.085	0.16	0.282	0.209	0.165	0.053	0.123	0.097	0.766
TCGA.M7.A723.01A.12R.A32O.07	0	0	0.353	0.098	0.103	0.062	0.136	0.189	0.275	0.121	0.307	0.064	0.023	0.162	0.206	0.107	0.061	0.055	0.197	0.415	0.054	0.111	0.177	0.184	0.75
TCGA.M7.A724.01A.12R.A32O.07	0	0	0	0	0.226	0.07	0.019	0.003	0	0.158	0.077	0.019	0	0.041	0	0.174	0.097	0.212	0.239	0	0.219	0.045	0.059	0	0.6
TCGA.M7.A725.01A.12R.A32O.07	0	0	0.137	0.052	0.072	0.144	0.182	0.139	0.142	0.14	0.212	0.094	0.064	0.073	0.201	0.162	0.053	0.124	0.202	0.135	0.158	0.042	0.101	0.108	0.626
TCGA.MG.AAMC.01A.11R.A41O.07	0	0.017	0.227	0.062	0.126	0.053	0.101	0.043	0.335	0.155	0.223	0.028	0.039	0.066	0.191	0.117	0.023	0.127	0.082	0.217	0.169	0.065	0.087	0.16	0.59
TCGA.QU.A6IL.01A.11R.A31N.07	0	0.015	0.289	0.113	0.127	0.041	0.047	0.113	0.298	0.12	0.212	0	0	0.131	0.183	0.086	0.031	0.095	0.176	0.272	0.116	0.088	0.106	0.196	0.648
TCGA.QU.A6IM.01A.11R.A31N.07	0	0	0.374	0.149	0	0.021	0.098	0.225	0.262	0.079	0.347	0	0.029	0.128	0.155	0.068	0.035	0.051	0.15	0.475	0.077	0.189	0.11	0.229	0.718
TCGA.QU.A6IN.01A.11R.A31N.07	0	0.029	0.186	0.079	0	0.055	0.13	0.111	0.317	0.134	0.175	0	0.044	0.125	0.151	0.084	0.064	0.074	0.044	0.332	0.179	0.056	0.068	0.193	0.624
TCGA.QU.A6IO.01A.11R.A31N.07	0	0	0.311	0.096	0.121	0.069	0.108	0.114	0.287	0.112	0.342	0	0.035	0.161	0.196	0.091	0.097	0.052	0.131	0.371	0.097	0.103	0.147	0.199	0.711
TCGA.QU.A6IP.01A.11R.A31N.07	0.002	0.063	0.202	0.101	0.095	0.093	0.128	0.148	0.234	0.145	0.229	0.005	0.066	0.145	0.153	0.085	0.052	0.099	0.086	0.329	0.125	0.061	0.147	0.124	0.629
TCGA.SU.A7E7.01A.22R.A33R.07	0	0	0.271	0.101	0.108	0.084	0.19	0.203	0.252	0.128	0.368	0.089	0.041	0.073	0.201	0.062	0.065	0.063	0.145	0.339	0.083	0.095	0.191	0.13	0.648
TCGA.TK.A8OK.01A.22R.A36G.07	0	0.049	0.213	0.077	0.157	0.065	0.156	0.008	0.314	0.117	0.146	0.023	0.003	0.148	0.22	0.158	0.054	0.128	0.222	0.267	0.134	0.037	0.145	0.075	0.711
TCGA.TP.A8TT.01A.12R.A41O.07	0	0	0.287	0.107	0.106	0.076	0.226	0.247	0.254	0.128	0.329	0.116	0.052	0.076	0.228	0.154	0.035	0.07	0.157	0.33	0.092	0.09	0.194	0.189	0.734
TCGA.TP.A8TV.01A.11R.A41O.07	0	0.026	0.164	0.067	0.088	0.094	0.139	0.05	0.147	0.173	0.151	0.029	0.017	0.04	0.199	0.097	0.062	0.122	0.166	0.074	0.186	0.044	0.073	0.116	0.538
TCGA.V1.A8MF.01A.11R.A36G.07	0.006	0.003	0.305	0.092	0.135	0.069	0.176	0.129	0.275	0.132	0.338	0.116	0.012	0.111	0.156	0.123	0.062	0.071	0.182	0.347	0.084	0.068	0.182	0.159	0.727
TCGA.V1.A8MG.01A.11R.A36G.07	0	0	0.3	0.072	0.093	0.09	0.203	0.147	0.29	0.114	0.35	0.087	0.019	0.139	0.21	0.03	0.054	0.071	0.101	0.371	0.096	0.052	0.175	0.166	0.639
TCGA.V1.A8MJ.01A.11R.A36G.07	0	0.001	0.309	0.084	0.14	0.079	0.173	0.162	0.289	0.117	0.329	0.112	0.031	0.089	0.187	0.15	0.082	0.057	0.209	0.348	0.065	0.074	0.171	0.179	0.756
TCGA.V1.A8MK.01A.11R.A36G.07	0.003	0.02	0.274	0.064	0.119	0.083	0.179	0.148	0.279	0.127	0.233	0.046	0.056	0.135	0.25	0.057	0.062	0.037	0.036	0.326	0.105	0.065	0.168	0.133	0.555
TCGA.V1.A8ML.01A.11R.A37L.07	0	0.008	0.248	0.088	0.08	0.069	0.196	0.095	0.281	0.135	0.154	0	0.036	0.148	0.245	0.105	0.027	0.095	0.133	0.233	0.127	0.051	0.095	0.162	0.586
TCGA.V1.A8MM.01A.11R.A37L.07	0	0	0.305	0.106	0.106	0.087	0.193	0.178	0.295	0.126	0.282	0.028	0.014	0.126	0.162	0.145	0.031	0.108	0.231	0.361	0.091	0.071	0.199	0.142	0.787
TCGA.V1.A8MU.01A.11R.A37L.07	0	0.011	0.32	0.077	0.104	0.085	0.151	0.159	0.295	0.084	0.331	0.103	0.018	0.181	0.225	0.095	0.051	0.089	0.142	0.374	0.068	0.092	0.193	0.182	0.716
TCGA.V1.A8WL.01A.11R.A37L.07	0.008	0.005	0.284	0.079	0.159	0.078	0.19	0.13	0.292	0.121	0.411	0.147	0.008	0.099	0.177	0.056	0.096	0.06	0.063	0.309	0.054	0.049	0.192	0.23	0.637
TCGA.V1.A8WN.01A.11R.A37L.07	0.005	0.024	0.269	0.089	0.102	0.113	0.199	0.109	0.298	0.124	0.233	0.036	0.043	0.121	0.184	0.08	0.034	0.053	0.103	0.34	0.114	0.074	0.147	0.136	0.604
TCGA.V1.A8WS.01A.11R.A37L.07	0	0.021	0.186	0.028	0.043	0.122	0.163	0.135	0.314	0.145	0.154	0.041	0.027	0.141	0.146	0.074	0.09	0.111	0.098	0.203	0.142	0.061	0.097	0.164	0.588
TCGA.V1.A8WV.01A.11R.A37L.07	0	0.017	0.306	0.064	0.121	0.078	0.177	0.143	0.288	0.057	0.339	0.093	0	0.158	0.257	0.095	0.107	0.056	0.129	0.368	0.076	0.075	0.202	0.194	0.737
TCGA.V1.A8WW.01A.11R.A37L.07	0	0	0.271	0.069	0.072	0.066	0.144	0.106	0.307	0.139	0.177	0.063	0.069	0.132	0.215	0.124	0.106	0.141	0.156	0.35	0.139	0.041	0.144	0.122	0.77
TCGA.V1.A8X3.01A.11R.A37L.07	0.018	0.013	0.234	0.086	0.115	0.094	0.168	0.144	0.309	0.108	0.269	0.06	0.05	0.121	0.183	0.086	0.056	0.112	0.152	0.271	0.117	0.014	0.144	0.15	0.653
TCGA.V1.A9O5.01A.11R.A41O.07	0	0.001	0.312	0.012	0.144	0.111	0.331	0.213	0.183	0.03	0.365	0.151	0.001	0.068	0.183	0.178	0.09	0.08	0.235	0.312	0.063	0.075	0.186	0.201	0.809
TCGA.V1.A9O5.06A.11R.A41O.07	0	0.049	0.268	0.035	0.148	0.152	0.336	0.162	0.158	0.027	0.286	0.16	0.001	0.017	0.184	0.13	0.15	0.113	0.241	0.218	0.078	0.029	0.181	0.189	0.781
TCGA.V1.A9O7.01A.21R.A41O.07	0	0.011	0.279	0.074	0.144	0.063	0.187	0.139	0.286	0.108	0.354	0.071	0	0.165	0.212	0.126	0.029	0.094	0.183	0.349	0.078	0.053	0.199	0.133	0.716
TCGA.V1.A9O9.01A.11R.A41O.07	0	0	0.318	0.067	0.183	0.092	0.278	0.167	0.252	0.074	0.375	0.139	0	0.09	0.182	0.14	0.124	0.044	0.079	0.327	0.072	0.066	0.201	0.229	0.731
TCGA.V1.A9OA.01A.11R.A41O.07	0	0.052	0.219	0.039	0.065	0.106	0.239	0.09	0.288	0.115	0.229	0.031	0.031	0.191	0.147	0.127	0.057	0.1	0.178	0.284	0.13	0.041	0.178	0.122	0.706
TCGA.V1.A9OF.01A.11R.A41O.07	0.006	0	0.204	0.05	0.055	0.075	0.161	0.171	0.219	0.172	0.138	0.054	0.038	0.071	0.201	0.131	0.028	0.076	0.189	0.178	0.156	0.059	0.135	0.149	0.626
TCGA.V1.A9OH.01A.11R.A41O.07	0.009	0.017	0.283	0.033	0.037	0.07	0.12	0.146	0.314	0.144	0.226	0.063	0	0.171	0.241	0.142	0.056	0.11	0.17	0.302	0.124	0.038	0.124	0.125	0.694
TCGA.V1.A9OL.01A.11R.A41O.07	0.01	0.028	0.287	0.037	0.118	0.104	0.203	0.148	0.302	0.088	0.257	0.09	0.035	0.097	0.167	0.115	0.071	0.111	0.191	0.285	0.109	0.064	0.18	0.16	0.733
TCGA.V1.A9OQ.01A.11R.A41O.07	0	0	0.281	0.093	0.096	0.103	0.185	0.124	0.319	0.148	0.234	0.032	0.05	0.148	0.186	0.038	0.073	0.076	0.095	0.338	0.102	0.067	0.13	0.185	0.623
TCGA.V1.A9OT.01A.11R.A41O.07	0	0	0.309	0.089	0.031	0.091	0.129	0.132	0.307	0.127	0.251	0.019	0.031	0.122	0.201	0.038	0.115	0.071	0.06	0.418	0.103	0.097	0.217	0.2	0.734
TCGA.V1.A9OX.01A.11R.A41O.07	0	0.01	0.25	0.097	0.104	0.08	0.144	0.105	0.255	0.113	0.349	0.057	0.037	0.152	0.214	0.089	0.087	0.07	0.142	0.324	0.08	0.078	0.197	0.159	0.691
TCGA.V1.A9OY.01A.11R.A41O.07	0.004	0	0.295	0.046	0.12	0.059	0.109	0.162	0.288	0.15	0.324	0.102	0.024	0.143	0.186	0.102	0.075	0.098	0.078	0.302	0.092	0.06	0.217	0.173	0.684
TCGA.V1.A9Z7.01A.11R.A41O.07	0.004	0.015	0.256	0.03	0.109	0.091	0.147	0.12	0.29	0.084	0.285	0.093	0.02	0.188	0.238	0.179	0.088	0.082	0.217	0.277	0.11	0.017	0.179	0.167	0.781
TCGA.V1.A9Z8.01A.11R.A41O.07	0	0.055	0.269	0.049	0.116	0.098	0.142	0.106	0.316	0.134	0.251	0.039	0.032	0.164	0.232	0.095	0.078	0.095	0.157	0.345	0.098	0.045	0.152	0.18	0.721
TCGA.V1.A9Z9.01A.21R.A41O.07	0	0.016	0.256	0.062	0.11	0.099	0.2	0.091	0.3	0.157	0.107	0.017	0.056	0.129	0.168	0.123	0.05	0.138	0.197	0.292	0.124	0.072	0.131	0.105	0.697
TCGA.V1.A9ZG.01A.11R.A41O.07	0	0.03	0.228	0.059	0.131	0.124	0.128	0.086	0.315	0.102	0.194	0.039	0.043	0.102	0.198	0.144	0.051	0.129	0.203	0.263	0.131	0.045	0.136	0.16	0.731
TCGA.V1.A9ZI.01A.11R.A41O.07	0	0	0.274	0.064	0.057	0.1	0.133	0.102	0.314	0.051	0.256	0.013	0.01	0.183	0.168	0.235	0.074	0.136	0.288	0.303	0.123	0.095	0.149	0.162	0.883
TCGA.V1.A9ZK.01A.11R.A41O.07	0	0.008	0.249	0.037	0.081	0.07	0.166	0.099	0.312	0.157	0.184	0.039	0.039	0.134	0.192	0.101	0.057	0.097	0.153	0.244	0.134	0.072	0.121	0.134	0.625
TCGA.V1.A9ZR.01A.11R.A41O.07	0	0	0.3	0.058	0.113	0.091	0.162	0.125	0.277	0.105	0.335	0.079	0.002	0.165	0.214	0.181	0.07	0.08	0.255	0.356	0.097	0.068	0.21	0.16	0.847
TCGA.VN.A88I.01A.11R.A352.07	0	0.012	0.289	0.034	0.092	0.066	0.183	0.109	0.306	0.077	0.342	0.084	0.005	0.207	0.267	0.059	0.085	0.115	0.121	0.36	0.058	0.059	0.215	0.183	0.719
TCGA.VN.A88K.01A.11R.A352.07	0	0	0.304	0.039	0.131	0.056	0.085	0.113	0.314	0.163	0.216	0.031	0	0.075	0.28	0.112	0.042	0.117	0.172	0.278	0.153	0.089	0.117	0.104	0.657
TCGA.VN.A88L.01A.11R.A352.07	0	0.039	0.198	0.07	0.061	0.057	0.065	0.047	0.323	0.154	0.204	0.007	0.007	0.196	0.203	0.093	0.063	0.124	0.088	0.225	0.167	0.042	0.133	0.113	0.605
TCGA.VN.A88M.01A.11R.A352.07	0	0.008	0.22	0.112	0.053	0.112	0.142	0.031	0.336	0.154	0.162	0.03	0.013	0.065	0.159	0.056	0.089	0.082	0.036	0.276	0.147	0.072	0.131	0.16	0.587
TCGA.VN.A88N.01A.11R.A36G.07	0	0.015	0.21	0.041	0.06	0.131	0.139	0.085	0.235	0.163	0.217	0.047	0.048	0.067	0.267	0.087	0.042	0.105	0.096	0.207	0.135	0.095	0.135	0.164	0.583
TCGA.VN.A88O.01A.11R.A352.07	0	0	0.262	0.077	0.132	0.076	0.154	0.097	0.306	0.142	0.278	0.091	0.022	0.084	0.206	0.063	0.04	0.075	0.146	0.229	0.109	0.075	0.134	0.18	0.586
TCGA.VN.A88P.01A.11R.A352.07	0	0	0.253	0	0.125	0.123	0.266	0.147	0.307	0.163	0.273	0.06	0.014	0.134	0.273	0.06	0.065	0.104	0.13	0.288	0.096	0.036	0.157	0.165	0.64
TCGA.VN.A88Q.01A.11R.A352.07	0.015	0	0.149	0.057	0.081	0.101	0.107	0.112	0.147	0.209	0.214	0.02	0.039	0.12	0.186	0.133	0.069	0.123	0.148	0.146	0.169	0.035	0.127	0.124	0.624
TCGA.VN.A88R.01A.11R.A36G.07	0	0	0.222	0.052	0.137	0.138	0.198	0.073	0.293	0.143	0	0	0.039	0.063	0.229	0.159	0.079	0.151	0.265	0.274	0.177	0.018	0.065	0.082	0.752
TCGA.VN.A943.01A.11R.A41O.07	0.013	0.006	0.137	0.026	0	0.105	0.134	0.078	0.122	0.209	0.135	0.047	0	0	0.188	0.034	0.035	0.096	0.039	0.168	0.191	0.067	0.045	0.164	0.463
TCGA.VP.A872.01A.11R.A352.07	0	0.028	0.254	0.046	0.132	0.09	0.179	0.137	0.311	0.124	0.333	0.096	0.01	0.171	0.202	0.087	0.143	0.082	0.106	0.291	0.083	0.024	0.209	0.147	0.69
TCGA.VP.A875.01A.31R.A352.07	0	0.061	0.069	0	0.155	0.122	0.142	0.058	0.15	0.181	0.103	0.051	0	0.042	0.15	0.124	0.087	0.119	0.119	0.136	0.184	0.006	0.164	0.123	0.634
TCGA.VP.A876.01A.11R.A352.07	0.005	0.07	0.177	0.055	0	0.135	0.209	0.108	0.305	0.16	0.225	0.037	0.037	0.025	0.18	0.059	0.062	0.095	0.081	0.252	0.143	0.048	0.094	0.169	0.574
TCGA.VP.A878.01A.31R.A352.07	0	0.017	0.247	0.078	0.11	0.084	0.189	0.101	0.289	0.136	0.231	0.037	0.035	0.154	0.225	0.118	0.037	0.092	0.212	0.295	0.117	0.088	0.129	0.118	0.672
TCGA.VP.A879.01A.11R.A352.07	0.023	0.044	0.179	0.077	0.143	0.114	0.183	0.067	0.174	0.149	0.105	0	0.027	0.158	0.157	0.1	0.048	0.113	0.083	0.308	0.155	0.053	0.13	0.104	0.625
TCGA.VP.A87B.01A.11R.A352.07	0	0.021	0.224	0.031	0.16	0.107	0.198	0.071	0.288	0.136	0.133	0.003	0.041	0.087	0.16	0.12	0.038	0.128	0.244	0.204	0.156	0.07	0.108	0.151	0.69
TCGA.VP.A87C.01A.11R.A352.07	0	0.002	0.302	0.117	0.175	0.098	0.28	0.23	0.229	0.073	0.417	0.13	0	0.101	0.142	0.116	0.165	0.031	0.155	0.351	0	0.071	0.212	0.217	0.749
TCGA.VP.A87D.01A.11R.A352.07	0.013	0.018	0.191	0.006	0.075	0.14	0.213	0.082	0.311	0.156	0.143	0.031	0.071	0.039	0.196	0.094	0.101	0.099	0.098	0.251	0.15	0.029	0.157	0.132	0.65
TCGA.VP.A87E.01A.31R.A352.07	0	0	0.324	0.086	0.138	0.057	0.263	0.185	0.216	0.096	0.426	0.12	0	0.186	0.218	0.07	0.04	0.076	0.172	0.393	0.044	0.068	0.192	0.144	0.679
TCGA.VP.A87H.01A.11R.A352.07	0	0.031	0.236	0.03	0.139	0.068	0.141	0.076	0.278	0.155	0.3	0.078	0.027	0.106	0.213	0.053	0.048	0.103	0.137	0.259	0.129	0.053	0.164	0.134	0.617
TCGA.VP.A87J.01A.11R.A352.07	0	0.018	0.152	0.026	0.087	0.125	0.198	0	0.168	0.153	0.218	0.062	0.038	0.085	0.239	0.168	0.062	0.109	0.201	0.159	0.17	0	0.134	0.075	0.648
TCGA.VP.A87K.01A.11R.A352.07	0	0.015	0.199	0.033	0.082	0.121	0.178	0.148	0.268	0.157	0.207	0.039	0.083	0.044	0.181	0.077	0.094	0.092	0.102	0.219	0.15	0.052	0.155	0.167	0.635
TCGA.VP.AA1N.01A.31R.A41O.07	0	0	0.267	0.043	0.115	0.054	0.17	0.129	0.304	0.151	0.345	0.075	0.017	0.133	0.167	0.177	0.06	0.086	0.281	0.315	0.125	0.088	0.143	0.127	0.789
TCGA.WW.A8ZI.01A.11R.A37L.07	0	0	0.225	0.038	0.077	0.097	0.161	0.13	0.28	0.189	0.234	0.082	0.071	0.05	0.201	0.057	0.02	0.111	0.139	0.259	0.172	0.064	0.15	0.153	0.638
TCGA.X4.A8KQ.01A.12R.A36G.07	0	0.053	0.234	0.107	0.128	0.1	0.121	0.091	0.308	0.123	0.204	0	0.011	0.153	0.194	0.14	0.039	0.117	0.235	0.309	0.099	0.064	0.123	0.106	0.702
TCGA.X4.A8KS.01A.12R.A36G.07	0	0.008	0.271	0.112	0.113	0.074	0.141	0.135	0.296	0.104	0.285	0.041	0.026	0.188	0.173	0.065	0.078	0.058	0.114	0.39	0.054	0.114	0.207	0.146	0.668
TCGA.XA.A8JR.01A.11R.A36G.07	0.017	0.022	0.202	0.109	0.136	0.025	0.112	0.128	0.299	0.15	0.231	0.06	0.014	0.104	0.186	0.082	0.044	0.092	0.152	0.221	0.103	0.045	0.152	0.143	0.594
TCGA.XJ.A83F.01A.11R.A352.07	0.013	0.06	0.177	0.067	0.147	0.063	0.084	0	0.153	0.187	0.062	0	0.005	0.136	0.12	0.145	0.066	0.15	0.142	0.223	0.19	0.041	0.115	0.112	0.687
TCGA.XJ.A83G.01A.11R.A352.07	0	0	0.221	0.089	0	0.086	0.121	0.126	0.296	0.162	0.168	0	0.03	0.094	0.188	0.111	0.073	0.094	0.134	0.285	0.145	0.086	0.105	0.137	0.651
TCGA.XJ.A83H.01A.11R.A352.07	0	0	0.24	0.15	0.109	0.109	0.165	0.118	0.223	0.13	0.281	0.013	0.067	0.096	0.151	0.082	0.054	0.05	0.14	0.308	0.124	0.075	0.128	0.13	0.61
TCGA.XJ.A9DI.01A.11R.A37L.07	0	0.003	0.354	0.028	0.101	0.084	0.189	0.175	0.293	0.086	0.371	0.094	0.038	0.124	0.184	0.096	0.049	0.096	0.191	0.378	0.055	0.105	0.217	0.195	0.767
TCGA.XJ.A9DK.01A.11R.A37L.07	0.014	0.035	0.303	0.022	0.127	0.078	0.099	0.116	0.3	0.138	0.249	0.045	0.025	0.16	0.186	0.094	0.075	0.097	0.088	0.304	0.12	0.078	0.193	0.157	0.678
TCGA.XJ.A9DQ.01A.11R.A37L.07	0	0.035	0.23	0.055	0.084	0.071	0.132	0.093	0.321	0.146	0.216	0.008	0.045	0.15	0.237	0.018	0.062	0.067	0	0.292	0.144	0.071	0.148	0.172	0.542
TCGA.XJ.A9DX.01A.11R.A37L.07	0	0	0.264	0	0.095	0.128	0.157	0.073	0.269	0.173	0.171	0	0.049	0.106	0.179	0.124	0.065	0.163	0.174	0.204	0.164	0.054	0.144	0.142	0.708
TCGA.XK.AAIR.01A.11R.A41O.07	0	0	0.273	0.042	0.099	0.097	0.145	0.132	0.288	0.133	0.286	0.08	0.038	0.17	0.262	0.106	0.066	0.102	0.132	0.341	0.079	0.082	0.185	0.161	0.704
TCGA.XK.AAIV.01A.11R.A41O.07	0	0.007	0.317	0.087	0.172	0.07	0.286	0.169	0.243	0.058	0.325	0.118	0	0.14	0.202	0.176	0.123	0.101	0.268	0.337	0.058	0.029	0.174	0.184	0.854
TCGA.XK.AAIW.01A.11R.A41O.07	0	0	0.316	0.156	0.131	0.166	0.185	0.295	0.173	0.104	0.167	0.08	0.091	0	0.135	0.105	0.074	0.105	0.198	0.258	0.095	0.108	0.038	0.244	0.671
TCGA.XK.AAJ3.01A.11R.A41O.07	0	0.023	0.199	0.06	0.137	0.118	0.176	0.067	0.266	0.155	0.18	0.02	0.075	0.059	0.177	0.124	0.053	0.128	0.205	0.208	0.136	0.068	0.093	0.154	0.661
TCGA.XK.AAJA.01A.11R.A41O.07	0	0.018	0.233	0.051	0.149	0.111	0.165	0.073	0.229	0.152	0.218	0	0.037	0.121	0.192	0.094	0.037	0.1	0.135	0.23	0.138	0.124	0.162	0.142	0.623
TCGA.XK.AAJP.01A.11R.A41O.07	0	0.028	0.204	0.018	0.086	0.127	0.211	0.141	0.252	0.161	0.179	0.018	0.081	0.032	0.203	0.128	0.063	0.143	0.261	0.185	0.147	0.039	0.122	0.13	0.708
TCGA.XK.AAJR.01A.11R.A41O.07	0	0.05	0.215	0.071	0.121	0.122	0.136	0.056	0.155	0.162	0.009	0	0	0.119	0.253	0.125	0.079	0.136	0.169	0.242	0.174	0.04	0.082	0.08	0.652
TCGA.XK.AAJT.01A.11R.A41O.07	0	0.017	0.279	0.055	0.132	0.045	0.084	0.138	0.284	0.132	0.29	0.04	0.027	0.18	0.17	0.135	0.067	0.083	0.194	0.292	0.1	0.07	0.183	0.153	0.725
TCGA.XK.AAJU.01A.11R.A41O.07	0	0.023	0.266	0.073	0.063	0.078	0.165	0.14	0.296	0.153	0.286	0.017	0.045	0.152	0.181	0.055	0.075	0.079	0.067	0.36	0.103	0.088	0.156	0.165	0.637
TCGA.XK.AAK1.01A.11R.A41O.07	0	0	0.264	0.048	0.119	0.043	0.038	0.183	0.263	0.161	0.267	0.073	0.06	0.061	0.177	0.088	0.036	0.09	0.156	0.213	0.146	0.057	0.124	0.201	0.634
TCGA.XQ.A8TA.01A.11R.A36G.07	0	0.089	0.009	0	0.194	0	0	0.038	0	0.106	0.048	0	0	0.095	0.149	0.137	0.14	0.188	0.231	0.166	0.246	0.014	0.012	0.06	0.709
TCGA.XQ.A8TB.01A.11R.A36G.07	0	0.039	0.25	0.056	0.142	0.115	0.181	0.105	0.28	0.152	0.219	0.065	0.015	0.15	0.123	0.139	0.044	0.115	0.185	0.287	0.143	0.03	0.158	0.109	0.709
TCGA.Y6.A8TL.01A.21R.A37L.07	0	0	0.201	0.046	0.074	0.087	0.161	0.113	0.29	0.159	0.309	0.087	0.064	0.129	0.221	0.039	0.048	0.093	0.054	0.281	0.104	0.034	0.177	0.149	0.568
TCGA.Y6.A9XI.01A.11R.A41O.07	0	0.01	0.234	0.048	0.152	0.109	0.132	0.079	0.281	0.176	0.138	0.062	0.05	0.058	0.189	0.109	0.056	0.135	0.153	0.173	0.156	0.052	0.098	0.144	0.614
TCGA.YJ.A8SW.01A.11R.A37L.07	0	0.046	0.193	0.027	0	0.124	0.163	0.057	0.228	0.196	0.24	0.066	0	0.047	0.224	0.108	0.067	0.118	0.181	0.169	0.15	0.03	0.09	0.148	0.619
TCGA.YL.A8HJ.01A.11R.A36G.07	0	0.006	0.292	0.018	0.113	0.087	0.234	0.117	0.271	0.104	0.346	0.096	0	0.182	0.218	0.128	0.075	0.146	0.193	0.307	0.069	0.055	0.201	0.176	0.777
TCGA.YL.A8HK.01A.11R.A36G.07	0	0	0.263	0.058	0.126	0.061	0.165	0.142	0.285	0.119	0.312	0.08	0.001	0.212	0.24	0.093	0.069	0.114	0.134	0.259	0.103	0.052	0.207	0.134	0.668
TCGA.YL.A8HL.01A.11R.A36G.07	0	0.003	0.122	0.115	0.058	0.14	0.185	0.047	0.1	0.181	0.041	0.02	0.007	0.03	0.173	0.151	0.088	0.141	0.167	0.168	0.192	0.026	0.069	0.041	0.611
TCGA.YL.A8HM.01A.11R.A36G.07	0	0	0.303	0.129	0.111	0.109	0.213	0.295	0.243	0.035	0.303	0.093	0.048	0.034	0.198	0.145	0.075	0.085	0.233	0.33	0.101	0.079	0.132	0.188	0.774
TCGA.YL.A8HO.01A.11R.A36G.07	0	0.006	0.281	0.106	0.146	0.048	0.13	0.113	0.302	0.076	0.317	0.117	0.006	0.148	0.203	0.187	0.113	0.083	0.285	0.344	0.056	0.043	0.177	0.177	0.854
TCGA.YL.A8S8.01A.11R.A37L.07	0	0.024	0.254	0.054	0.089	0.119	0.214	0.103	0.275	0.132	0.248	0.096	0	0.06	0.167	0.102	0.054	0.127	0.205	0.301	0.138	0.037	0.123	0.095	0.688
TCGA.YL.A8S9.01A.11R.A37L.07	0.023	0.014	0	0.026	0	0.15	0.162	0	0	0.199	0.008	0.061	0	0.004	0.076	0.178	0.091	0.188	0.212	0.026	0.235	0	0.063	0.042	0.622
TCGA.YL.A8SA.01A.21R.A37L.07	0.003	0	0.177	0.064	0.045	0.136	0.177	0.127	0.218	0.18	0.219	0.019	0.07	0.029	0.152	0.11	0.051	0.113	0.125	0.196	0.16	0.052	0.131	0.12	0.604
TCGA.YL.A8SB.01A.31R.A37L.07	0.003	0.023	0.255	0.063	0.12	0.033	0.085	0.086	0.309	0.135	0.258	0.092	0.021	0.166	0.208	0.097	0.07	0.096	0.189	0.278	0.107	0.036	0.155	0.153	0.688
TCGA.YL.A8SC.01A.11R.A37L.07	0.01	0	0.28	0.021	0.117	0.127	0.233	0.169	0.228	0.138	0.261	0.107	0.045	0.054	0.219	0.147	0.051	0.105	0.251	0.262	0.101	0.062	0.146	0.17	0.74
TCGA.YL.A8SF.01A.11R.A37L.07	0	0.039	0.218	0	0.089	0.139	0.181	0.12	0.292	0.121	0.214	0.021	0.061	0.146	0.157	0.131	0.056	0.174	0.192	0.29	0.154	0.062	0.175	0.129	0.78
TCGA.YL.A8SH.01B.11R.A37L.07	0	0.015	0.241	0.052	0	0.088	0.201	0.159	0.286	0.138	0.298	0.039	0.037	0.171	0.201	0.069	0.023	0.1	0.119	0.306	0.121	0.057	0.146	0.133	0.611
TCGA.YL.A8SI.01A.11R.A41O.07	0.006	0.015	0.235	0.074	0.108	0.054	0.165	0.104	0.291	0.134	0.25	0.097	0.024	0.167	0.201	0.096	0.024	0.126	0.178	0.304	0.132	0.016	0.169	0.115	0.687
TCGA.YL.A8SJ.01B.11R.A37L.07	0.021	0.053	0.228	0.062	0.137	0.03	0.108	0	0.293	0.109	0.083	0.034	0	0.082	0.246	0.088	0.075	0.146	0.164	0.235	0.164	0.046	0.152	0.082	0.664
TCGA.YL.A8SK.01B.21R.A37L.07	0	0.011	0.278	0.143	0.045	0.102	0.165	0.18	0.28	0.127	0.266	0.02	0.045	0.165	0.114	0.018	0.052	0.066	0.124	0.421	0.087	0.091	0.19	0.124	0.65
TCGA.YL.A8SL.01B.21R.A37L.07	0	0.059	0.135	0.037	0.091	0.12	0.211	0.049	0.255	0.158	0.065	0	0.047	0.057	0.216	0.097	0.087	0.143	0.147	0.182	0.171	0.044	0.097	0.125	0.63
TCGA.YL.A8SO.01B.31R.A37L.07	0	0.034	0.245	0	0.151	0.023	0.106	0.068	0.306	0.14	0.23	0.047	0	0.159	0.218	0.098	0.069	0.135	0.192	0.198	0.144	0.069	0.128	0.172	0.682
TCGA.YL.A8SP.01B.11R.A37L.07	0.016	0.018	0.017	0.026	0.155	0.116	0.118	0.02	0.043	0.189	0.081	0	0	0.057	0.255	0.04	0.076	0.192	0.147	0.141	0.197	0	0.105	0.023	0.554
TCGA.YL.A8SQ.01B.11R.A37L.07	0	0	0.251	0.035	0.102	0.072	0.221	0.151	0.272	0.106	0.31	0.11	0.039	0.133	0.21	0.081	0.113	0.076	0.137	0.265	0.112	0.035	0.196	0.161	0.686
TCGA.YL.A8SR.01B.11R.A37L.07	0	0	0.294	0.056	0.091	0.063	0.103	0.127	0.292	0.173	0.167	0.011	0.017	0.146	0.256	0.042	0.042	0.119	0.094	0.279	0.169	0.075	0.078	0.117	0.566
TCGA.YL.A9WH.01A.11R.A37L.07	0.003	0.068	0.201	0	0.147	0.123	0.174	0.101	0.31	0.127	0.081	0.007	0.03	0.085	0.171	0.144	0.085	0.168	0.21	0.195	0.151	0.037	0.136	0.087	0.706
TCGA.YL.A9WI.01A.11R.A37L.07	0	0.037	0.203	0.041	0.184	0.111	0.184	0.1	0.295	0.14	0.135	0.051	0.046	0.057	0.089	0.091	0.069	0.16	0.207	0.238	0.157	0.061	0.113	0.164	0.72
TCGA.YL.A9WJ.01A.11R.A37L.07	0	0.017	0.272	0.076	0.145	0.101	0.209	0.121	0.26	0.096	0.322	0.095	0.018	0.149	0.153	0.158	0.049	0.11	0.241	0.342	0.094	0.044	0.165	0.113	0.765
TCGA.YL.A9WK.01A.11R.A37L.07	0.002	0	0.261	0.083	0.111	0.089	0.153	0.177	0.282	0.098	0.359	0.096	0.025	0.186	0.174	0.074	0.049	0.088	0.123	0.362	0.117	0.037	0.204	0.154	0.704
TCGA.YL.A9WL.01A.11R.A41O.07	0.027	0.078	0.132	0.014	0.125	0.11	0.136	0.089	0.175	0.152	0.108	0.001	0	0.045	0.211	0.112	0.084	0.157	0.139	0.129	0.17	0.065	0.137	0.135	0.639
TCGA.YL.A9WX.01A.21R.A41O.07	0.007	0	0.275	0.075	0.135	0.107	0.191	0.117	0.291	0.132	0.356	0.087	0.015	0.14	0.139	0.074	0.117	0.082	0.139	0.341	0.083	0.075	0.201	0.135	0.705
TCGA.YL.A9WY.01A.11R.A41O.07	0	0	0.337	0.069	0.128	0.112	0.239	0.184	0.286	0.063	0.351	0.112	0	0.127	0.22	0.171	0.082	0.12	0.254	0.348	0.047	0.077	0.186	0.175	0.831
TCGA.ZG.A8QW.01A.11R.A37L.07	0	0.022	0.268	0.092	0.102	0.05	0.176	0.22	0.274	0.126	0.326	0.06	0.065	0.146	0.132	0.137	0.046	0.102	0.221	0.341	0.075	0.073	0.156	0.168	0.748
TCGA.ZG.A8QX.01A.11R.A37L.07	0.004	0.011	0.214	0.06	0.115	0.039	0.114	0.096	0.283	0.132	0.247	0.062	0.029	0.196	0.2	0.066	0.139	0.095	0.115	0.254	0.098	0.043	0.148	0.128	0.627
TCGA.ZG.A8QY.01A.11R.A37L.07	0	0.05	0.166	0.058	0.05	0.109	0.125	0.116	0.274	0.099	0.206	0.037	0.048	0.157	0.204	0.102	0.066	0.136	0.168	0.264	0.134	0.017	0.178	0.079	0.677
TCGA.ZG.A8QZ.01A.11R.A37L.07	0	0.044	0.271	0.048	0.123	0.085	0.162	0.155	0.281	0.097	0.367	0.053	0.041	0.145	0.19	0.143	0.079	0.052	0.177	0.326	0.084	0.069	0.185	0.156	0.722
TCGA.ZG.A9KY.01A.11R.A41O.07	0	0	0.341	0.118	0.107	0.105	0.219	0.277	0.25	0.125	0.363	0.141	0.031	0.046	0.108	0.084	0.13	0.071	0.119	0.338	0.07	0.101	0.179	0.221	0.728
TCGA.ZG.A9L0.01A.11R.A41O.07	0	0.008	0.303	0.124	0.132	0.101	0.243	0.247	0.286	0.096	0.273	0.092	0.028	0.098	0.144	0.15	0.043	0.13	0.283	0.409	0.071	0.031	0.183	0.132	0.842
TCGA.ZG.A9L1.01A.11R.A41O.07	0	0.024	0.013	0.075	0.042	0.117	0.155	0	0.055	0.092	0.075	0.018	0	0.17	0.138	0.081	0.063	0.125	0.14	0.223	0.204	0.003	0.102	0.063	0.601
TCGA.ZG.A9L2.01A.31R.A41O.07	0	0.008	0.259	0.051	0.131	0.084	0.21	0.159	0.3	0.064	0.394	0.111	0.024	0.175	0.199	0.105	0.157	0.061	0.138	0.298	0.03	0.055	0.197	0.192	0.707
TCGA.ZG.A9L4.01A.11R.A41O.07	0	0.015	0.254	0.05	0.111	0.112	0.169	0.169	0.304	0.1	0.324	0.051	0.044	0.142	0.235	0.127	0.029	0.068	0.151	0.383	0.106	0.05	0.16	0.141	0.7
TCGA.ZG.A9L5.01A.12R.A41O.07	0	0.022	0.171	0.03	0.083	0.149	0.165	0.129	0.289	0	0.332	0.092	0.076	0.038	0.252	0.138	0.064	0.108	0.181	0.276	0.153	0.036	0.104	0.141	0.699
TCGA.ZG.A9L6.01A.11R.A41O.07	0	0.021	0.263	0.084	0.144	0.065	0.137	0.086	0.297	0.108	0.219	0.053	0.032	0.155	0.189	0.148	0.057	0.098	0.192	0.314	0.097	0.063	0.175	0.17	0.752
TCGA.ZG.A9L9.01A.11R.A41O.07	0	0.063	0.261	0.025	0.123	0.134	0.211	0.149	0.321	0.072	0.288	0.005	0.013	0.139	0.216	0.166	0.052	0.104	0.284	0.322	0.074	0.066	0.153	0.192	0.81
TCGA.ZG.A9LB.01A.11R.A41O.07	0	0	0.293	0.101	0.12	0.074	0.127	0.219	0.301	0.07	0.396	0.031	0.005	0.132	0.206	0.143	0.083	0.051	0.22	0.438	0.07	0.071	0.164	0.164	0.8
TCGA.ZG.A9LM.01A.11R.A41O.07	0	0.056	0.238	0.058	0.127	0.107	0.161	0.138	0.313	0.107	0.259	0.011	0.078	0.128	0.107	0.109	0.082	0.098	0.235	0.319	0.091	0.072	0.169	0.144	0.749
TCGA.ZG.A9LN.01A.11R.A41O.07	0	0.019	0.331	0.116	0.117	0.072	0.235	0.261	0.282	0.064	0.419	0.14	0.02	0.082	0.194	0.112	0.138	0.016	0.135	0.382	0.009	0.074	0.194	0.216	0.722
TCGA.ZG.A9LS.01A.12R.A41O.07	0	0.03	0.286	0.056	0.12	0.068	0.216	0.191	0.276	0.122	0.37	0.118	0.008	0.165	0.198	0.131	0.121	0.04	0.141	0.353	0.037	0.027	0.224	0.222	0.762
TCGA.ZG.A9LU.01A.11R.A41O.07	0	0.015	0.31	0.085	0.086	0.094	0.145	0.172	0.263	0.096	0.388	0.017	0.043	0.113	0.169	0.123	0.077	0.066	0.175	0.389	0.064	0.078	0.204	0.172	0.764
TCGA.ZG.A9LY.01A.11R.A41O.07	0	0.007	0.257	0.074	0.104	0.078	0.162	0.129	0.27	0.14	0.221	0.038	0.018	0.17	0.288	0.131	0.061	0.127	0.221	0.309	0.106	0.03	0.149	0.082	0.712
TCGA.ZG.A9LZ.01A.11R.A41O.07	0	0	0.31	0.08	0.107	0.13	0.186	0.184	0.3	0.134	0.237	0.036	0.061	0.124	0.146	0.143	0.06	0.096	0.182	0.345	0.113	0.057	0.143	0.151	0.74
TCGA.ZG.A9M4.01A.11R.A41O.07	0	0.019	0.31	0.1	0.122	0.105	0.25	0.247	0.289	0.041	0.351	0.107	0.035	0.088	0.243	0.057	0.081	0.011	0.102	0.33	0.047	0.096	0.17	0.233	0.619
TCGA.ZG.A9MC.01A.31R.A41O.07	0	0	0.3	0.064	0.131	0.063	0.302	0.198	0.251	0.057	0.456	0.095	0.003	0.155	0.206	0.122	0.135	0.044	0.188	0.364	0.029	0.055	0.214	0.183	0.768
TCGA.ZG.A9N3.01A.11R.A41O.07	0	0.035	0.267	0.087	0.154	0.114	0.196	0.21	0.322	0.071	0.359	0.118	0.022	0.097	0.119	0.073	0.232	0.01	0.051	0.267	0.037	0.058	0.171	0.183	0.616
TCGA.ZG.A9ND.01A.11R.A41O.07	0	0	0.256	0.096	0.071	0.107	0.169	0.163	0.112	0.151	0.202	0.019	0.055	0.026	0.141	0.06	0.049	0.113	0.165	0.244	0.15	0.112	0.074	0.101	0.573
TCGA.ZG.A9NI.01A.11R.A41O.07	0	0.071	0.23	0.065	0.15	0.073	0.153	0.062	0.26	0.081	0.132	0	0	0.172	0.188	0.146	0.078	0.113	0.228	0.341	0.15	0.024	0.117	0.066	0.745
