CD4_naive	CD8_naive	Tc	Tex	Tr1	nTreg	iTreg	Th1	Th2	Th17	Tfh	Tcm	Tem	NKT	MAIT	DC	B_cell	Monocyte	Macrophage	NK	Neutrophil	Tgd	CD4_T	CD8_T	InfiltrationScore
TCGA.2V.A95S.01A.11R.A37K.07	0	0.068	0.231	0.125	0.204	0.098	0.26	0.36	0.321	0.04	0.346	0.086	0	0.01	0.312	0.195	0.137	0.081	0.173	0.292	0.102	0.072	0.138	0.282	0.737
TCGA.2Y.A9GS.01A.12R.A38B.07	0	0.045	0.153	0.022	0.239	0.105	0.195	0.288	0.395	0.171	0.139	0.014	0.001	0.066	0.277	0.235	0.118	0.161	0.261	0.238	0.2	0	0.143	0.151	0.794
TCGA.2Y.A9GT.01A.11R.A38B.07	0.037	0.053	0.151	0.074	0.216	0.09	0.24	0.298	0.305	0.146	0.35	0.13	0	0.022	0.26	0.126	0.057	0.151	0.204	0.242	0.12	0.044	0.154	0.269	0.698
TCGA.2Y.A9GU.01A.11R.A38B.07	0.017	0.14	0.146	0.017	0.222	0.116	0.214	0.136	0.389	0.168	0.185	0.023	0	0.022	0.3	0.154	0.104	0.185	0.177	0.243	0.225	0	0.132	0.119	0.705
TCGA.2Y.A9GV.01A.11R.A38B.07	0.036	0.034	0.139	0	0.242	0.112	0.236	0.16	0.408	0.168	0.302	0.064	0	0	0.322	0.222	0.051	0.174	0.34	0.18	0.167	0.004	0.175	0.154	0.772
TCGA.2Y.A9GW.01A.11R.A38B.07	0.012	0.107	0.12	0.01	0.22	0.094	0.236	0.216	0.341	0.134	0.268	0.092	0	0.074	0.339	0.281	0.077	0.204	0.3	0.266	0.151	0	0.161	0.177	0.852
TCGA.2Y.A9GX.01A.11R.A38B.07	0.04	0.134	0.125	0	0.227	0.078	0.311	0.184	0.369	0.12	0.336	0.114	0	0.045	0.365	0.23	0.064	0.146	0.291	0.251	0.106	0	0.177	0.184	0.764
TCGA.2Y.A9GY.01A.11R.A38B.07	0	0.041	0.223	0.12	0.22	0.182	0.212	0.337	0.353	0	0.323	0.035	0	0.04	0.259	0.204	0.126	0.174	0.301	0.28	0.112	0.066	0.096	0.309	0.844
TCGA.2Y.A9GZ.01A.11R.A39D.07	0.055	0.112	0.113	0	0.249	0.04	0.118	0.149	0.277	0.197	0.149	0	0	0.016	0.207	0.157	0.089	0.191	0.203	0.138	0.216	0.062	0.125	0.158	0.674
TCGA.2Y.A9H0.01A.11R.A38B.07	0	0.152	0.176	0.122	0.227	0.111	0.176	0.314	0.379	0.143	0.207	0.073	0.029	0	0.154	0.156	0.114	0.099	0.226	0.287	0.125	0.055	0.083	0.213	0.687
TCGA.2Y.A9H1.01A.11R.A38B.07	0.008	0.111	0.23	0.057	0.208	0.11	0.155	0.293	0.358	0.179	0.283	0	0.01	0.013	0.33	0.163	0.055	0.166	0.216	0.313	0.139	0.028	0.119	0.288	0.77
TCGA.2Y.A9H2.01A.12R.A38B.07	0.064	0.144	0.112	0.049	0.173	0.108	0.169	0.187	0.42	0.14	0.188	0.013	0.002	0.049	0.256	0.224	0.103	0.132	0.217	0.212	0.176	0	0.153	0.15	0.721
TCGA.2Y.A9H3.01A.11R.A38B.07	0	0.076	0.226	0.089	0.26	0.03	0.106	0.212	0.349	0.087	0.337	0.025	0	0.102	0.304	0.185	0.157	0.189	0.251	0.382	0.138	0.072	0.124	0.282	0.9
TCGA.2Y.A9H4.01A.11R.A38B.07	0	0.085	0.195	0.038	0.169	0.126	0.131	0.232	0.4	0.131	0.198	0.028	0.022	0.037	0.346	0.246	0.122	0.079	0.21	0.303	0.136	0.028	0.116	0.227	0.759
TCGA.2Y.A9H5.01A.11R.A38B.07	0.075	0.138	0.061	0.012	0.221	0.089	0.212	0.19	0.386	0.166	0.305	0.071	0	0.058	0.261	0.153	0.107	0.153	0.123	0.209	0.166	0	0.178	0.193	0.676
TCGA.2Y.A9H6.01A.11R.A39D.07	0.059	0.113	0.117	0.014	0.213	0.056	0.198	0.162	0.303	0.146	0.346	0.101	0	0.077	0.348	0.171	0.11	0.166	0.215	0.293	0.152	0.001	0.169	0.202	0.78
TCGA.2Y.A9H7.01A.11R.A39D.07	0.013	0.089	0.13	0.033	0.205	0.094	0.193	0.188	0.414	0.176	0.295	0.049	0	0	0.254	0.199	0.112	0.145	0.145	0.208	0.197	0.042	0.163	0.213	0.728
TCGA.2Y.A9H8.01A.11R.A39D.07	0	0.098	0.164	0.082	0.234	0.082	0.17	0.308	0.246	0.131	0.323	0.018	0.037	0.024	0.26	0.198	0.126	0.18	0.245	0.181	0.165	0.039	0.113	0.259	0.774
TCGA.2Y.A9H9.01A.21R.A39D.07	0	0.107	0.127	0.013	0.232	0.126	0.189	0.174	0.397	0.203	0.185	0	0	0.008	0.267	0.192	0.039	0.162	0.254	0.209	0.192	0.043	0.094	0.169	0.691
TCGA.2Y.A9HA.01A.11R.A39D.07	0	0.114	0.107	0	0.237	0.144	0.251	0.152	0.349	0.233	0.12	0	0	0.037	0.253	0.167	0.119	0.143	0.154	0.311	0.224	0	0.034	0.142	0.682
TCGA.2Y.A9HB.01A.11R.A39D.07	0.033	0.072	0.146	0.064	0.195	0.083	0.198	0.285	0.354	0.136	0.294	0.126	0	0	0.268	0.195	0.026	0.155	0.221	0.257	0.149	0.066	0.146	0.232	0.728
TCGA.3K.AAZ8.01A.12R.A39D.07	0	0.074	0.163	0	0.213	0.073	0.177	0.239	0.401	0.181	0.36	0.088	0	0.012	0.283	0.141	0.05	0.125	0.164	0.255	0.184	0.023	0.124	0.221	0.666
TCGA.4R.AA8I.01A.11R.A38B.07	0	0.091	0.121	0.026	0.243	0.077	0.194	0.148	0.383	0.175	0.229	0.084	0.005	0.017	0.274	0.177	0.11	0.127	0.228	0.217	0.218	0.043	0.08	0.167	0.698
TCGA.5C.A9VG.01A.11R.A37K.07	0.01	0.112	0.072	0.051	0.258	0.066	0.132	0.06	0.323	0.163	0.19	0.057	0	0.019	0.272	0.213	0.058	0.231	0.226	0.071	0.221	0.003	0.091	0.139	0.66
TCGA.5C.A9VH.01A.11R.A37K.07	0.035	0.141	0.109	0	0.171	0.104	0.187	0.211	0.32	0.163	0.22	0.051	0	0.081	0.321	0.09	0.066	0.152	0.09	0.216	0.179	0.019	0.154	0.131	0.568
TCGA.5C.AAPD.01A.21R.A39D.07	0	0.027	0.206	0.121	0.223	0.102	0.169	0.299	0.28	0.122	0.295	0.057	0	0.111	0.241	0.236	0.133	0.134	0.288	0.286	0.091	0.064	0.112	0.304	0.834
TCGA.5R.AA1C.01A.11R.A41C.07	0	0.087	0.163	0.054	0.16	0.102	0.215	0.233	0.258	0.217	0.105	0.039	0.014	0.054	0.279	0.181	0.034	0.123	0.234	0.152	0.218	0.024	0.036	0.182	0.612
TCGA.5R.AA1D.01A.11R.A38B.07	0.059	0.164	0.17	0	0.22	0.049	0.217	0.157	0.394	0.105	0.299	0.106	0	0.026	0.347	0.167	0.057	0.164	0.26	0.262	0.124	0.034	0.174	0.159	0.721
TCGA.5R.AAAM.01A.12R.A41C.07	0.028	0.084	0.19	0.024	0.201	0.049	0.157	0.17	0.398	0.174	0.317	0.068	0	0.036	0.314	0.185	0.045	0.205	0.361	0.281	0.168	0.053	0.131	0.137	0.798
TCGA.BC.4072.01B.11R.A155.07	0.02	0.102	0.197	0.094	0.215	0.139	0.267	0.294	0.372	0.131	0.253	0.086	0	0.044	0.194	0.224	0.067	0.182	0.226	0.247	0.131	0.048	0.159	0.2	0.757
TCGA.BC.4073.01B.02R.A131.07	0.014	0.104	0.166	0.098	0.238	0.197	0.277	0.291	0.402	0.036	0.264	0.136	0	0.07	0.23	0.261	0.103	0.136	0.274	0.248	0.144	0.001	0.11	0.199	0.778
TCGA.BC.A10Q.01A.11R.A131.07	0.026	0.134	0.12	0	0.184	0.118	0.166	0.123	0.35	0.191	0.191	0.08	0	0.021	0.199	0.199	0.065	0.208	0.192	0.087	0.206	0	0.147	0.145	0.658
TCGA.BC.A10Q.11A.11R.A131.07	0.039	0.104	0.137	0.041	0.088	0.044	0.163	0.162	0.41	0.235	0.301	0.062	0	0.001	0.287	0.127	0.024	0.201	0.271	0.223	0.196	0.021	0.075	0.144	0.666
TCGA.BC.A10R.01A.11R.A131.07	0	0.128	0.051	0	0.241	0.038	0.122	0.061	0.341	0.22	0.103	0.007	0	0.118	0.234	0.174	0.107	0.23	0.257	0.22	0.206	0	0.058	0.074	0.699
TCGA.BC.A10R.11A.11R.A131.07	0.03	0.075	0.154	0.041	0.063	0.078	0.246	0.192	0.415	0.189	0.274	0.005	0	0.022	0.263	0.158	0.041	0.227	0.406	0.256	0.225	0.047	0.056	0.147	0.799
TCGA.BC.A10S.01A.22R.A131.07	0	0.051	0.206	0.023	0.22	0.086	0.197	0.176	0.337	0.175	0.34	0.046	0	0.012	0.284	0.223	0.057	0.173	0.362	0.254	0.183	0.065	0.121	0.171	0.814
TCGA.BC.A10T.01A.11R.A131.07	0.011	0.15	0.136	0.032	0.248	0.046	0.107	0.184	0.384	0.142	0.274	0.037	0	0.084	0.244	0.185	0.052	0.146	0.218	0.233	0.151	0.034	0.133	0.184	0.686
TCGA.BC.A10T.11A.11R.A131.07	0.032	0.119	0.179	0.092	0	0	0.064	0.262	0.335	0.187	0.328	0.048	0	0.007	0.33	0.172	0.026	0.198	0.335	0.267	0.191	0.014	0.042	0.199	0.754
TCGA.BC.A10U.01A.11R.A131.07	0	0.111	0.064	0.011	0.241	0.22	0.23	0.018	0.313	0.207	0.021	0.038	0	0.003	0.273	0.121	0.099	0.178	0.227	0.087	0.255	0.015	0.049	0.254	0.67
TCGA.BC.A10U.11A.11R.A131.07	0.038	0.114	0.086	0.032	0.144	0.1	0.229	0.132	0.402	0.199	0.279	0.08	0	0	0.295	0.148	0.027	0.202	0.317	0.236	0.192	0.001	0.087	0.149	0.715
TCGA.BC.A10W.01A.11R.A131.07	0.002	0.132	0.09	0.036	0.242	0.13	0.216	0.184	0.24	0.188	0.043	0.072	0	0.015	0.268	0.23	0.147	0.166	0.272	0.003	0.169	0	0.12	0.101	0.637
TCGA.BC.A10W.11A.11R.A131.07	0.04	0.105	0.151	0.056	0.129	0.089	0.235	0.198	0.393	0.151	0.329	0.005	0	0.024	0.306	0.155	0.022	0.197	0.334	0.275	0.173	0.042	0.08	0.211	0.763
TCGA.BC.A10X.01A.11R.A131.07	0.067	0.099	0.155	0.039	0.184	0.082	0.197	0.166	0.407	0.179	0.295	0.065	0	0.019	0.283	0.178	0.045	0.184	0.317	0.27	0.173	0	0.112	0.162	0.76
TCGA.BC.A10X.11A.11R.A131.07	0.066	0.118	0.163	0.058	0.119	0.005	0.11	0.272	0.408	0.174	0.276	0.031	0	0	0.31	0.153	0.027	0.173	0.287	0.285	0.178	0.003	0.087	0.177	0.721
TCGA.BC.A10Y.01A.11R.A131.07	0	0.116	0.174	0.04	0.235	0.101	0.166	0.26	0.397	0.179	0.228	0.071	0	0	0.221	0.166	0.092	0.122	0.187	0.249	0.149	0.057	0.131	0.195	0.681
TCGA.BC.A10Y.11A.11R.A131.07	0.078	0.088	0.175	0.05	0.141	0.036	0.171	0.201	0.367	0.18	0.338	0.075	0	0.032	0.281	0.219	0.031	0.17	0.344	0.273	0.177	0.011	0.123	0.154	0.786
TCGA.BC.A10Z.01A.11R.A131.07	0.079	0.118	0	0	0.326	0.081	0.121	0	0.159	0.232	0	0	0	0.02	0.085	0.131	0.126	0.178	0.196	0.025	0.285	0	0.063	0.053	0.558
TCGA.BC.A10Z.11A.11R.A131.07	0.059	0.141	0.159	0.077	0.162	0.069	0.152	0.271	0.353	0.183	0.266	0	0	0.011	0.253	0.171	0.012	0.209	0.293	0.271	0.205	0	0.089	0.164	0.745
TCGA.BC.A110.01A.11R.A131.07	0.044	0.088	0.163	0.036	0.198	0.078	0.138	0.163	0.393	0.177	0.36	0.051	0	0.079	0.276	0.194	0.035	0.195	0.362	0.27	0.142	0.041	0.137	0.208	0.814
TCGA.BC.A110.11A.11R.A131.07	0.006	0.059	0.137	0.06	0.146	0.041	0.155	0.212	0.41	0.239	0.249	0.042	0	0.059	0.28	0.171	0.009	0.223	0.333	0.206	0.218	0.014	0.056	0.142	0.716
TCGA.BC.A112.01A.11R.A131.07	0.057	0.143	0.054	0.002	0.148	0.08	0.084	0.138	0.389	0.168	0.046	0.105	0	0.021	0.26	0.214	0.172	0.163	0.248	0.118	0.236	0	0.108	0.112	0.723
TCGA.BC.A216.01A.11R.A155.07	0	0.084	0.182	0.143	0.204	0.111	0.165	0.293	0.31	0.156	0.319	0.075	0	0.051	0.197	0.078	0.075	0.135	0.138	0.198	0.139	0.105	0.102	0.237	0.582
TCGA.BC.A216.11A.11R.A155.07	0.019	0.095	0.18	0.065	0.062	0.046	0.166	0.153	0.399	0.2	0.307	0.007	0	0.14	0.287	0.156	0.038	0.208	0.359	0.279	0.168	0.036	0.069	0.176	0.766
TCGA.BC.A217.01A.11R.A155.07	0.006	0.096	0.152	0.005	0.215	0.111	0.172	0.226	0.407	0.191	0.333	0.044	0.02	0.029	0.215	0.192	0.102	0.089	0.206	0.29	0.127	0.032	0.152	0.23	0.733
TCGA.BC.A3KF.01A.11R.A213.07	0.032	0.134	0.116	0	0.244	0.083	0.117	0.136	0.406	0.181	0.191	0.078	0.005	0	0.264	0.156	0.092	0.183	0.192	0.175	0.205	0.016	0.096	0.166	0.667
TCGA.BC.A3KG.01A.11R.A213.07	0	0.157	0.08	0.017	0.284	0.081	0.114	0.095	0.319	0.216	0.203	0.074	0.003	0	0.239	0.135	0.102	0.202	0.145	0.098	0.212	0	0.148	0.182	0.645
TCGA.BC.A5W4.01A.11R.A28V.07	0.069	0.076	0	0	0.142	0.017	0.068	0.043	0.3	0.171	0.119	0.044	0	0.033	0.084	0.183	0.127	0.161	0.151	0.099	0.232	0.049	0.061	0.12	0.598
TCGA.BC.A69H.01A.11R.A311.07	0	0.055	0.143	0.023	0.223	0.112	0.157	0.254	0.328	0.14	0.238	0	0.011	0.111	0.288	0.294	0.117	0.191	0.317	0.153	0.186	0.006	0.093	0.241	0.839
TCGA.BC.A69I.01A.11R.A311.07	0	0.116	0.166	0.018	0.219	0.087	0.155	0.175	0.283	0.228	0.21	0.005	0	0.061	0.274	0.168	0.004	0.198	0.264	0.2	0.203	0.038	0.085	0.18	0.687
TCGA.BC.A8YO.01A.11R.A37K.07	0	0.106	0.212	0.104	0.202	0.122	0.289	0.356	0.219	0.163	0.237	0.103	0	0	0.266	0.217	0.143	0.107	0.221	0.18	0.128	0.037	0.094	0.21	0.686
TCGA.BD.A2L6.01A.11R.A213.07	0	0.119	0.167	0	0.196	0.069	0.111	0.216	0.396	0.176	0.338	0.089	0.007	0.03	0.339	0.136	0.09	0.159	0.161	0.275	0.172	0.043	0.116	0.219	0.7
TCGA.BD.A2L6.11A.21R.A213.07	0.066	0.073	0.202	0.052	0.202	0.047	0.263	0.263	0.308	0.091	0.404	0.103	0	0.066	0.37	0.23	0.075	0.116	0.352	0.252	0.092	0.026	0.183	0.215	0.799
TCGA.BD.A3EP.01A.11R.A22L.07	0.023	0.112	0.145	0	0.24	0.081	0.243	0.162	0.382	0.128	0.371	0.114	0	0.038	0.351	0.177	0.179	0.099	0.207	0.229	0.115	0.013	0.178	0.223	0.742
TCGA.BD.A3EP.11A.12R.A22L.07	0.041	0.084	0.154	0.033	0.192	0.045	0.205	0.177	0.295	0.181	0.388	0.095	0	0.057	0.33	0.202	0.037	0.181	0.296	0.237	0.169	0.028	0.145	0.181	0.764
TCGA.BD.A3ER.01A.11R.A213.07	0	0.13	0.068	0.009	0.247	0.113	0.257	0.147	0.386	0.207	0.196	0.042	0	0.024	0.231	0.229	0.073	0.224	0.295	0.19	0.188	0	0.158	0.112	0.775
TCGA.BW.A5NO.01A.11R.A27V.07	0	0.093	0.158	0.01	0.238	0.078	0.126	0.226	0.414	0.189	0.267	0.059	0.018	0.036	0.269	0.178	0.107	0.139	0.237	0.237	0.154	0.047	0.082	0.237	0.723
TCGA.BW.A5NP.01A.11R.A27V.07	0	0.079	0.082	0.033	0.225	0.123	0.185	0.157	0.387	0.221	0.137	0.032	0.016	0.012	0.173	0.138	0.12	0.187	0.138	0.2	0.203	0.014	0.115	0.202	0.688
TCGA.BW.A5NQ.01A.11R.A27V.07	0.01	0.112	0.158	0.107	0.211	0.091	0.207	0.334	0.249	0.133	0.327	0.135	0.015	0.012	0.233	0.195	0.112	0.086	0.196	0.154	0.133	0.078	0.128	0.242	0.656
TCGA.CC.5258.01A.01R.A131.07	0.024	0.111	0.139	0.07	0.242	0.123	0.31	0.219	0.241	0.077	0.215	0.053	0	0.028	0.245	0.188	0.058	0.207	0.219	0.207	0.181	0.031	0.168	0.212	0.76
TCGA.CC.5259.01A.31R.A213.07	0	0.038	0.133	0.054	0.212	0.157	0.116	0.207	0.445	0.192	0.323	0	0.016	0	0.287	0.15	0.104	0.141	0.134	0.234	0.177	0.021	0.061	0.276	0.674
TCGA.CC.5260.01A.01R.A131.07	0.029	0.128	0.178	0.002	0.191	0.134	0.215	0.204	0.369	0.089	0.266	0.082	0	0.071	0.25	0.218	0.099	0.107	0.249	0.2	0.168	0.004	0.155	0.169	0.719
TCGA.CC.5261.01A.01R.A131.07	0.077	0.148	0.133	0.003	0.249	0.076	0.216	0.15	0.416	0.132	0.331	0.144	0	0.038	0.268	0.188	0.162	0.098	0.111	0.224	0.123	0	0.198	0.228	0.702
TCGA.CC.5262.01A.01R.A131.07	0	0.103	0.194	0.033	0.225	0.065	0.137	0.289	0.429	0.085	0.294	0.04	0	0.044	0.308	0.209	0.083	0.151	0.293	0.276	0.21	0.046	0.129	0.206	0.821
TCGA.CC.5263.01A.01R.A131.07	0	0.1	0.037	0.026	0.23	0.148	0.244	0.14	0.361	0.177	0.053	0.034	0	0.109	0.235	0.284	0.131	0.235	0.29	0.129	0.221	0	0.07	0.103	0.771
TCGA.CC.5264.01A.01R.A131.07	0.03	0.098	0.105	0.029	0.254	0.171	0.296	0.208	0.373	0.164	0.105	0.058	0.02	0.005	0.146	0.196	0.142	0.151	0.168	0.131	0.174	0	0.077	0.184	0.645
TCGA.CC.A123.01A.11R.A131.07	0.005	0.074	0.094	0.028	0.238	0.017	0.054	0.182	0.407	0.172	0.196	0	0	0.069	0.302	0.221	0.1	0.161	0.258	0.059	0.215	0	0.12	0.152	0.678
TCGA.CC.A1HT.01A.11R.A131.07	0	0.066	0.246	0.098	0.203	0.142	0.275	0.302	0.372	0.076	0.264	0.06	0.02	0.097	0.165	0.259	0.114	0.126	0.321	0.283	0.152	0.039	0.11	0.21	0.831
TCGA.CC.A3M9.01A.11R.A213.07	0	0.076	0.228	0.144	0.205	0.133	0.284	0.339	0.347	0	0.285	0.076	0	0.051	0.207	0.219	0.086	0.086	0.354	0.214	0.097	0.05	0.129	0.287	0.777
TCGA.CC.A3MA.01A.11R.A213.07	0.115	0.211	0.062	0.004	0.098	0.067	0.074	0.118	0.377	0.123	0.083	0.032	0	0.078	0.289	0.143	0.147	0.117	0.146	0.167	0.188	0.005	0.145	0.129	0.623
TCGA.CC.A3MB.01A.11R.A213.07	0	0.1	0.099	0.026	0.186	0.173	0.238	0.153	0.419	0.188	0.102	0	0	0.029	0.284	0.2	0.092	0.216	0.199	0.232	0.22	0.005	0.062	0.149	0.721
TCGA.CC.A3MC.01A.11R.A22L.07	0.026	0.066	0.068	0.026	0.197	0.091	0.197	0.158	0.367	0.174	0.196	0.019	0	0.074	0.292	0.207	0.15	0.197	0.215	0.205	0.174	0	0.109	0.169	0.752
TCGA.CC.A5UC.01A.11R.A28V.07	0.001	0.075	0.149	0.067	0.241	0.121	0.178	0.226	0.39	0.097	0.145	0.005	0	0.045	0.301	0.228	0.108	0.184	0.23	0.239	0.154	0.024	0.128	0.211	0.781
TCGA.CC.A5UD.01A.11R.A28V.07	0	0.173	0.144	0.004	0.194	0.121	0.223	0.203	0.288	0.163	0.077	0	0.07	0	0.268	0.118	0.098	0.178	0.141	0.132	0.178	0.032	0.069	0.209	0.592
TCGA.CC.A5UE.01A.11R.A28V.07	0.006	0.099	0.09	0	0.188	0.134	0.215	0.198	0.43	0.17	0.23	0	0	0	0.285	0.211	0.118	0.151	0.167	0.229	0.184	0	0.074	0.214	0.711
TCGA.CC.A7IE.01A.21R.A38B.07	0.016	0.055	0.185	0.094	0.213	0.129	0.239	0.311	0.264	0.019	0.402	0.074	0	0.075	0.256	0.157	0.119	0.182	0.167	0.236	0.136	0.039	0.169	0.26	0.752
TCGA.CC.A7IF.01A.11R.A33J.07	0.048	0.106	0.016	0	0.156	0	0	0.162	0.406	0.174	0.194	0.004	0	0.038	0.184	0.123	0.166	0.167	0.173	0.208	0.193	0.069	0.156	0.136	0.697
TCGA.CC.A7IG.01A.11R.A33J.07	0	0.137	0.095	0.087	0.257	0.109	0.141	0.062	0.349	0.14	0.091	0	0	0.033	0.286	0.183	0.113	0.222	0.249	0.222	0.198	0	0.07	0.227	0.782
TCGA.CC.A7IH.01A.11R.A33J.07	0.034	0.15	0.147	0	0.238	0.058	0.135	0.114	0.205	0.25	0.127	0.025	0	0.008	0.289	0.057	0.06	0.191	0.105	0.167	0.248	0.023	0.098	0.127	0.556
TCGA.CC.A7II.01A.11R.A33J.07	0.065	0.203	0.091	0.01	0.177	0.101	0.075	0.132	0.407	0.043	0	0	0	0	0.239	0.236	0.172	0.151	0.248	0.169	0.188	0.064	0.071	0.142	0.726
TCGA.CC.A7IJ.01A.11R.A33R.07	0.009	0.143	0.18	0.082	0.213	0.117	0.232	0.272	0.41	0.024	0.23	0.121	0	0.04	0.322	0.22	0.083	0.083	0.312	0.179	0.129	0.012	0.137	0.254	0.736
TCGA.CC.A7IK.01A.12R.A33R.07	0	0.115	0.149	0.026	0.184	0.136	0.244	0.188	0.189	0.199	0.006	0.02	0	0	0.246	0.105	0.1	0.12	0.13	0.258	0.236	0.084	0.042	0.113	0.583
TCGA.CC.A7IL.01A.11R.A33R.07	0	0.099	0.084	0	0.259	0.072	0.114	0.133	0.144	0.213	0.023	0	0	0.025	0.251	0.168	0.117	0.165	0.209	0.025	0.283	0.021	0.046	0.123	0.599
TCGA.CC.A8HS.01A.11R.A36F.07	0.018	0.097	0.116	0.033	0.19	0.101	0.179	0.153	0.41	0.114	0.239	0.041	0	0	0.271	0.112	0.137	0.149	0.025	0.283	0.193	0.037	0.19	0.144	0.65
TCGA.CC.A8HT.01A.11R.A36F.07	0	0.135	0.178	0.05	0.235	0.099	0.232	0.188	0.443	0.116	0.189	0.021	0	0	0.239	0.236	0.098	0.157	0.259	0.339	0.168	0.041	0.101	0.196	0.82
TCGA.CC.A8HU.01A.11R.A36F.07	0	0.148	0.109	0.047	0.313	0.061	0.064	0.067	0.24	0.181	0.095	0	0	0.029	0.197	0.134	0.15	0.203	0.202	0.129	0.208	0.035	0.077	0.188	0.68
TCGA.CC.A8HV.01A.11R.A36F.07	0.057	0.064	0	0.01	0.169	0.121	0.157	0.155	0.321	0.157	0.195	0.023	0.009	0.068	0.263	0.078	0.12	0.145	0	0.124	0.217	0.009	0.167	0.19	0.548
TCGA.CC.A9FS.01A.11R.A37K.07	0.002	0.081	0.117	0.077	0.186	0.095	0.232	0.197	0.274	0.205	0.245	0.012	0.005	0.013	0.274	0.141	0.06	0.164	0.187	0.221	0.179	0.047	0.096	0.202	0.659
TCGA.CC.A9FU.01A.11R.A37K.07	0	0.059	0.16	0.032	0.21	0.145	0.208	0.27	0.337	0.139	0.295	0.028	0.017	0.05	0.222	0.113	0.143	0.122	0.047	0.212	0.19	0.041	0.144	0.261	0.649
TCGA.CC.A9FV.01A.11R.A37K.07	0.052	0.093	0.199	0.07	0.217	0.088	0.211	0.208	0.341	0.029	0.367	0.105	0	0.016	0.289	0.235	0.066	0.131	0.349	0.243	0.119	0.009	0.169	0.216	0.806
TCGA.CC.A9FW.01A.11R.A37K.07	0	0.066	0.129	0.083	0.216	0.14	0.26	0.243	0.387	0.222	0.251	0.008	0.006	0.034	0.198	0.13	0.092	0.178	0.104	0.227	0.178	0.029	0.127	0.235	0.671
TCGA.DD.A113.01A.11R.A131.07	0.034	0.133	0.109	0.042	0.248	0.15	0.257	0.184	0.377	0.138	0.136	0.044	0	0.004	0.245	0.187	0.098	0.159	0.216	0.248	0.165	0	0.145	0.148	0.72
TCGA.DD.A113.11A.12R.A131.07	0.026	0.11	0.132	0.061	0.134	0.064	0.184	0.176	0.365	0.236	0.228	0.009	0	0.033	0.325	0.156	0	0.216	0.292	0.263	0.202	0	0.075	0.148	0.713
TCGA.DD.A114.01A.11R.A131.07	0.044	0.11	0.169	0.094	0.22	0.128	0.283	0.285	0.317	0.054	0.302	0.109	0	0.07	0.24	0.23	0.125	0.087	0.238	0.246	0.081	0.061	0.14	0.223	0.723
TCGA.DD.A114.11A.12R.A131.07	0.061	0.058	0.19	0.055	0.217	0.037	0.245	0.266	0.372	0.099	0.382	0.117	0	0.028	0.282	0.159	0.066	0.141	0.314	0.27	0.124	0.054	0.157	0.22	0.765
TCGA.DD.A115.01A.11R.A131.07	0.025	0.105	0.128	0	0.227	0.061	0.155	0.171	0.321	0.167	0.29	0.093	0	0.035	0.297	0.209	0.076	0.133	0.215	0.17	0.156	0.044	0.1	0.213	0.671
TCGA.DD.A116.01A.11R.A131.07	0	0.1	0.165	0.034	0.199	0.16	0.138	0.205	0.294	0.195	0.158	0	0.001	0.114	0.287	0.192	0.106	0.155	0.209	0.239	0.169	0.013	0.114	0.19	0.724
TCGA.DD.A116.11A.12R.A26B.07	0.064	0.092	0.181	0.041	0.191	0.04	0.158	0.21	0.372	0.165	0.351	0.059	0	0.054	0.3	0.138	0.067	0.186	0.3	0.272	0.153	0.04	0.149	0.191	0.767
TCGA.DD.A118.01A.11R.A131.07	0.001	0.202	0.12	0.012	0.253	0.097	0.151	0.156	0.151	0.215	0.11	0.042	0	0.052	0.242	0.218	0.102	0.219	0.249	0.157	0.232	0	0.097	0.08	0.713
TCGA.DD.A118.11A.11R.A131.07	0.057	0.072	0.142	0.051	0.017	0.064	0.18	0.161	0.396	0.21	0.314	0.047	0	0.007	0.336	0.162	0.009	0.214	0.365	0.274	0.22	0.039	0.08	0.157	0.781
TCGA.DD.A119.01A.11R.A131.07	0.005	0.118	0.084	0.046	0.165	0.072	0.067	0.164	0.431	0.158	0.234	0	0.024	0.046	0.315	0.227	0.06	0.208	0.244	0.228	0.177	0	0.075	0.217	0.757
TCGA.DD.A119.11A.11R.A131.07	0.056	0.041	0.131	0.022	0.106	0.064	0.167	0.127	0.323	0.224	0.255	0.053	0	0.004	0.337	0.19	0.013	0.247	0.395	0.175	0.222	0.016	0.039	0.153	0.756
TCGA.DD.A11A.01A.11R.A131.07	0	0.106	0.187	0	0.342	0.063	0.058	0.092	0.244	0.22	0.01	0.001	0	0	0.226	0.14	0.112	0.164	0.185	0.175	0.247	0.049	0.039	0.182	0.656
TCGA.DD.A11A.11A.11R.A131.07	0.053	0.043	0.175	0.067	0.019	0.061	0.22	0.219	0.277	0.155	0.351	0.074	0	0.089	0.363	0.159	0.007	0.206	0.381	0.211	0.191	0.061	0.042	0.174	0.723
TCGA.DD.A11B.01A.11R.A131.07	0.012	0.084	0.082	0	0.238	0.034	0.126	0.204	0.395	0.239	0.198	0.069	0	0	0.23	0.111	0.049	0.238	0.161	0.177	0.235	0.041	0.134	0.089	0.631
TCGA.DD.A11B.11A.11R.A131.07	0.067	0.095	0.142	0.043	0.225	0.055	0.183	0.194	0.378	0.2	0.306	0.082	0	0.009	0.265	0.136	0.092	0.181	0.251	0.269	0.156	0.009	0.144	0.164	0.735
TCGA.DD.A11C.01A.11R.A131.07	0	0.099	0.147	0.014	0.242	0.091	0.164	0.205	0.312	0.196	0.272	0.1	0	0	0.274	0.186	0.099	0.173	0.238	0.171	0.152	0.079	0.114	0.168	0.686
TCGA.DD.A11C.11A.11R.A131.07	0.065	0.061	0.211	0.01	0.045	0.011	0.141	0.187	0.349	0.203	0.33	0.052	0	0	0.361	0.122	0.037	0.228	0.321	0.263	0.168	0.053	0.074	0.186	0.738
TCGA.DD.A11D.01A.11R.A131.07	0.01	0.108	0.116	0	0.225	0.037	0.132	0.152	0.41	0.229	0.213	0.021	0	0.004	0.286	0.155	0.084	0.161	0.206	0.156	0.222	0	0.121	0.141	0.658
TCGA.DD.A11D.11A.12R.A131.07	0.074	0.078	0.161	0.043	0.189	0.057	0.201	0.217	0.398	0.156	0.387	0.101	0	0.008	0.298	0.157	0.072	0.17	0.314	0.271	0.144	0.008	0.15	0.19	0.774
TCGA.DD.A1EA.01A.11R.A131.07	0	0.04	0.189	0.073	0.237	0.139	0.284	0.269	0.29	0.22	0.232	0.093	0	0.008	0.179	0.159	0.064	0.138	0.23	0.173	0.188	0.063	0.083	0.22	0.662
TCGA.DD.A1EB.01A.11R.A131.07	0	0.038	0.118	0.041	0.182	0.121	0.197	0.192	0.432	0.208	0.104	0.042	0	0	0.313	0.114	0.073	0.178	0.173	0.226	0.212	0.029	0.117	0.184	0.673
TCGA.DD.A1EB.11A.11R.A131.07	0.073	0.048	0.183	0.054	0.068	0.053	0.162	0.196	0.415	0.195	0.339	0.05	0	0	0.265	0.172	0.051	0.222	0.346	0.282	0.188	0.046	0.082	0.183	0.805
TCGA.DD.A1EC.01A.21R.A131.07	0.012	0.001	0.244	0.116	0.217	0.134	0.309	0.289	0.318	0.007	0.343	0.137	0	0.065	0.231	0.205	0.087	0.144	0.228	0.335	0.127	0.109	0.127	0.24	0.786
TCGA.DD.A1EC.11A.11R.A131.07	0.062	0.052	0.117	0.07	0.013	0.046	0.177	0.182	0.383	0.202	0.279	0.011	0	0.021	0.295	0.168	0.037	0.225	0.376	0.237	0.208	0.02	0.082	0.149	0.782
TCGA.DD.A1ED.01A.11R.A155.07	0.055	0.051	0.143	0.012	0.205	0.066	0.197	0.149	0.293	0.219	0.387	0.096	0	0.036	0.391	0.163	0.03	0.146	0.289	0.189	0.203	0.002	0.151	0.163	0.703
TCGA.DD.A1EE.01A.11R.A131.07	0.047	0.05	0	0	0.275	0.113	0.271	0.117	0.291	0.266	0.031	0.012	0	0	0.132	0.203	0.06	0.209	0.235	0.125	0.264	0.002	0.074	0.037	0.637
TCGA.DD.A1EE.11A.11R.A131.07	0.059	0.039	0.112	0.052	0.185	0.056	0.246	0.181	0.387	0.164	0.341	0.077	0	0.038	0.265	0.146	0.102	0.192	0.342	0.262	0.15	0.026	0.141	0.203	0.811
TCGA.DD.A1EF.01A.11R.A131.07	0.024	0.077	0.133	0.025	0.242	0.15	0.297	0.265	0.298	0.055	0.313	0.131	0	0	0.235	0.216	0.171	0.149	0.121	0.227	0.148	0.039	0.175	0.251	0.769
TCGA.DD.A1EG.01A.11R.A213.07	0	0.095	0.18	0.064	0.214	0.093	0.211	0.314	0.274	0.138	0.285	0.079	0	0.042	0.314	0.258	0.105	0.193	0.283	0.222	0.144	0	0.128	0.204	0.811
TCGA.DD.A1EG.11A.11R.A213.07	0.018	0.111	0.167	0.047	0.178	0.037	0.187	0.254	0.366	0.164	0.343	0.023	0	0.064	0.296	0.179	0.027	0.203	0.381	0.279	0.169	0.034	0.124	0.173	0.809
TCGA.DD.A1EH.01A.11R.A131.07	0.032	0.082	0.129	0.016	0.239	0.049	0.189	0.21	0.412	0.193	0.192	0.101	0	0.039	0.247	0.171	0.099	0.149	0.135	0.136	0.189	0.022	0.14	0.182	0.634
TCGA.DD.A1EH.11A.11R.A131.07	0.065	0.074	0.142	0.052	0.066	0.052	0.158	0.222	0.401	0.197	0.345	0.041	0	0.013	0.309	0.142	0.055	0.189	0.303	0.284	0.172	0.025	0.101	0.184	0.754
TCGA.DD.A1EI.01A.11R.A131.07	0.058	0.144	0.099	0.021	0.227	0.075	0.186	0.167	0.399	0.127	0.218	0.036	0	0.093	0.321	0.186	0.075	0.183	0.256	0.21	0.17	0	0.16	0.151	0.734
TCGA.DD.A1EI.11A.11R.A131.07	0.088	0.098	0.143	0.029	0.179	0.057	0.192	0.19	0.358	0.184	0.312	0.082	0	0.008	0.308	0.152	0.058	0.204	0.316	0.237	0.16	0	0.131	0.174	0.755
TCGA.DD.A1EJ.01A.11R.A155.07	0	0.053	0.09	0.026	0.251	0.078	0.212	0.153	0.398	0.178	0.148	0	0	0.002	0.212	0.272	0.098	0.196	0.314	0.098	0.226	0.019	0.055	0.252	0.796
TCGA.DD.A1EJ.11A.11R.A155.07	0.059	0.073	0.147	0.068	0.119	0.045	0.152	0.224	0.403	0.197	0.304	0.026	0	0.017	0.276	0.204	0.017	0.204	0.366	0.265	0.207	0.029	0.089	0.164	0.799
TCGA.DD.A1EK.01A.11R.A213.07	0	0.063	0.141	0.006	0.278	0.129	0.2	0.07	0.459	0.234	0.098	0	0	0.04	0.297	0.234	0.039	0.217	0.369	0.231	0.225	0	0.042	0.141	0.791
TCGA.DD.A1EL.01A.11R.A155.07	0	0.073	0.1	0.004	0.197	0.177	0.202	0.161	0.272	0.206	0.171	0.059	0.007	0.108	0.262	0.227	0.118	0.134	0.218	0.114	0.215	0	0.08	0.182	0.679
TCGA.DD.A1EL.11A.11R.A155.07	0.09	0.072	0.141	0.058	0.124	0.06	0.202	0.211	0.324	0.178	0.313	0.07	0	0.023	0.305	0.17	0.053	0.21	0.328	0.246	0.169	0.003	0.123	0.16	0.769
TCGA.DD.A39V.01A.11R.A213.07	0	0.043	0.236	0.106	0.21	0.117	0.188	0.298	0.331	0.142	0.185	0	0.003	0.129	0.298	0.19	0.065	0.159	0.3	0.28	0.11	0.078	0.03	0.281	0.746
TCGA.DD.A39V.11A.11R.A213.07	0.05	0.064	0.212	0.042	0.152	0.066	0.186	0.205	0.351	0.206	0.311	0.054	0	0	0.307	0.135	0.017	0.212	0.303	0.306	0.183	0.015	0.106	0.194	0.768
TCGA.DD.A39W.01A.11R.A213.07	0.002	0.122	0.164	0.02	0.202	0.149	0.231	0.219	0.183	0.232	0.145	0.051	0	0.016	0.178	0.183	0.085	0.194	0.164	0.161	0.223	0.029	0.134	0.212	0.714
TCGA.DD.A39W.11A.11R.A213.07	0.071	0.051	0.145	0.039	0.144	0.032	0.122	0.073	0.408	0.214	0.275	0.018	0	0	0.324	0.145	0.032	0.214	0.313	0.281	0.187	0.024	0.137	0.187	0.789
TCGA.DD.A39X.01A.11R.A213.07	0.029	0.112	0.079	0.021	0.183	0.074	0.141	0.136	0.42	0.137	0.266	0	0	0.063	0.344	0.208	0.125	0.159	0.275	0.273	0.188	0	0.092	0.224	0.813
TCGA.DD.A39X.11A.11R.A213.07	0.082	0.071	0.175	0.045	0	0.036	0.137	0.2	0.276	0.217	0.346	0.01	0	0	0.359	0.129	0.037	0.207	0.32	0.237	0.183	0.054	0.091	0.204	0.742
TCGA.DD.A39Y.01A.11R.A213.07	0.002	0.062	0.107	0.053	0.265	0.113	0.093	0.177	0.286	0.177	0.12	0	0.045	0.049	0.286	0.221	0.155	0.182	0.236	0.079	0.212	0	0.036	0.173	0.682
TCGA.DD.A39Z.01A.11R.A213.07	0.012	0.167	0.097	0	0	0	0.013	0.2	0.4	0.201	0.24	0	0.018	0.061	0.274	0.055	0.075	0.186	0.116	0.233	0.199	0.077	0.046	0.252	0.612
TCGA.DD.A39Z.11A.21R.A213.07	0.041	0.126	0.124	0.029	0.001	0.022	0.089	0.171	0.399	0.226	0.286	0	0	0.05	0.312	0.059	0.055	0.212	0.221	0.291	0.178	0.052	0.088	0.188	0.681
TCGA.DD.A3A1.01A.11R.A213.07	0	0.098	0.136	0	0.172	0.107	0.126	0.16	0.422	0.185	0.258	0.018	0.011	0.029	0.328	0.216	0.084	0.181	0.316	0.197	0.21	0	0.074	0.2	0.779
TCGA.DD.A3A1.11A.11R.A213.07	0.026	0.078	0.205	0.052	0.137	0.033	0.133	0.18	0.348	0.164	0.359	0	0	0.099	0.325	0.175	0.037	0.21	0.387	0.331	0.165	0.056	0.118	0.2	0.856
TCGA.DD.A3A2.01A.11R.A213.07	0.024	0.06	0.095	0.051	0.051	0.025	0.086	0.187	0.455	0.195	0.269	0.021	0	0	0.329	0.111	0.053	0.216	0.267	0.275	0.208	0.045	0.117	0.198	0.762
TCGA.DD.A3A2.11A.11R.A213.07	0.037	0.085	0.167	0.078	0.075	0.039	0.135	0.209	0.397	0.202	0.309	0	0	0.015	0.275	0.172	0.045	0.201	0.327	0.291	0.186	0.04	0.087	0.195	0.793
TCGA.DD.A3A3.01A.11R.A22L.07	0.024	0.076	0.074	0.053	0.076	0.045	0.041	0.184	0.362	0.235	0.305	0	0.005	0.024	0.338	0.215	0.1	0.181	0.168	0.229	0.206	0	0.128	0.2	0.753
TCGA.DD.A3A3.11A.11R.A22L.07	0.036	0.088	0.174	0.06	0.136	0.035	0.142	0.18	0.331	0.186	0.334	0	0	0.076	0.28	0.224	0.041	0.19	0.411	0.288	0.188	0.057	0.088	0.185	0.852
TCGA.DD.A3A4.01A.11R.A22L.07	0.062	0	0	0	0.132	0.031	0.091	0	0.185	0.237	0	0.007	0	0	0	0.121	0.129	0.249	0.188	0.184	0.281	0.038	0	0.02	0.618
TCGA.DD.A3A4.11A.11R.A22L.07	0.088	0.054	0.207	0.01	0.16	0	0.061	0.193	0.343	0.177	0.338	0.072	0	0.061	0.355	0.147	0.058	0.206	0.344	0.308	0.15	0.051	0.127	0.213	0.818
TCGA.DD.A3A5.01A.11R.A22L.07	0	0.147	0.177	0	0.213	0.021	0.07	0.125	0.436	0.216	0.226	0.018	0	0	0.243	0.077	0.116	0.145	0.147	0.28	0.172	0.042	0.09	0.222	0.658
TCGA.DD.A3A5.11A.11R.A22L.07	0.068	0.114	0.054	0.029	0.095	0.003	0.067	0.142	0.421	0.258	0.245	0	0	0.015	0.239	0.075	0.035	0.239	0.255	0.193	0.221	0.017	0.108	0.168	0.682
TCGA.DD.A3A6.01A.11R.A22L.07	0.052	0.119	0.215	0.033	0.236	0.073	0.142	0.033	0.418	0.065	0.305	0.067	0	0	0.332	0.126	0.079	0.1	0.155	0.362	0.142	0.101	0.181	0.259	0.741
TCGA.DD.A3A6.11A.11R.A22L.07	0.077	0.11	0.061	0.011	0	0	0	0.107	0.331	0.254	0.141	0	0	0.037	0.247	0.06	0.128	0.236	0.143	0.118	0.234	0	0.027	0.162	0.584
TCGA.DD.A3A7.01A.11R.A22L.07	0	0.056	0.16	0.076	0.012	0.043	0.008	0.248	0.42	0.171	0.172	0.017	0.039	0	0.268	0.102	0.141	0.189	0.174	0.193	0.205	0.061	0	0.263	0.668
TCGA.DD.A3A8.01A.11R.A22L.07	0	0.133	0.135	0.007	0.155	0.121	0.218	0.214	0.264	0.235	0.089	0.01	0.026	0.014	0.259	0.098	0.021	0.188	0.099	0.219	0.256	0.024	0.075	0.152	0.584
TCGA.DD.A3A8.11A.11R.A22L.07	0	0.043	0.212	0.049	0.142	0.089	0.191	0.161	0.421	0.212	0.257	0.002	0	0.008	0.336	0.149	0.037	0.241	0.33	0.341	0.185	0.029	0.056	0.218	0.821
TCGA.DD.A3A9.01A.11R.A266.07	0.028	0.113	0.174	0.014	0.189	0.065	0.098	0.203	0.356	0.144	0.325	0.034	0.003	0.116	0.242	0.161	0.097	0.175	0.159	0.287	0.133	0.03	0.156	0.239	0.742
TCGA.DD.A4NA.01A.11R.A266.07	0.073	0.183	0.17	0	0.263	0.165	0.242	0.16	0.163	0.182	0.142	0.024	0	0.06	0.178	0.22	0.098	0.176	0.244	0.054	0.177	0.001	0.124	0.07	0.614
TCGA.DD.A4NB.01A.12R.A266.07	0.027	0.09	0.157	0.028	0.208	0.069	0.189	0.141	0.375	0.144	0.361	0.104	0	0.049	0.384	0.153	0.063	0.171	0.203	0.324	0.131	0.021	0.162	0.167	0.725
TCGA.DD.A4ND.01A.11R.A266.07	0.044	0.122	0.147	0.055	0.202	0.059	0.246	0.238	0.369	0.104	0.317	0.129	0	0.078	0.253	0.182	0.062	0.151	0.228	0.224	0.149	0.039	0.182	0.155	0.702
TCGA.DD.A4NE.01A.11R.A27V.07	0.061	0.119	0.042	0	0.309	0.042	0.029	0.094	0.262	0.197	0	0.011	0	0.026	0.154	0.167	0.116	0.222	0.218	0.073	0.233	0.008	0.109	0	0.599
TCGA.DD.A4NF.01A.11R.A27V.07	0.029	0.115	0.104	0	0.217	0.126	0.113	0.099	0.15	0.23	0.012	0.066	0	0.032	0.226	0.135	0.066	0.179	0.17	0.027	0.252	0.032	0.086	0.141	0.557
TCGA.DD.A4NG.01A.11R.A27V.07	0.022	0.099	0.146	0	0.216	0.121	0.219	0.218	0.307	0.183	0.292	0.126	0	0.003	0.342	0.199	0.064	0.137	0.171	0.147	0.192	0	0.124	0.154	0.626
TCGA.DD.A4NH.01A.11R.A27V.07	0.037	0.079	0.056	0.009	0.224	0.12	0.182	0.126	0.382	0.165	0.178	0.029	0	0.145	0.234	0.205	0.043	0.229	0.192	0.152	0.297	0	0.149	0.166	0.756
TCGA.DD.A4NI.01A.11R.A27V.07	0.029	0.077	0.163	0.052	0.198	0.09	0.229	0.286	0.379	0.169	0.332	0.125	0	0	0.273	0.159	0.04	0.159	0.249	0.26	0.13	0.028	0.157	0.216	0.722
TCGA.DD.A4NJ.01A.11R.A27V.07	0.045	0.115	0.132	0	0.261	0.071	0.184	0.181	0.401	0.114	0.258	0.084	0	0.057	0.257	0.248	0.104	0.178	0.297	0.136	0.145	0	0.161	0.143	0.744
TCGA.DD.A4NK.01A.11R.A28V.07	0.034	0.074	0.182	0.006	0.25	0.045	0.146	0.115	0.391	0.237	0.052	0.031	0	0	0.266	0.191	0.05	0.189	0.202	0.241	0.226	0.031	0.129	0.121	0.712
TCGA.DD.A4NL.01A.11R.A28V.07	0.045	0.076	0.107	0.019	0.226	0.045	0.15	0.126	0.343	0.239	0.309	0.06	0	0.003	0.356	0.172	0.056	0.191	0.267	0.147	0.187	0.005	0.145	0.145	0.691
TCGA.DD.A4NN.01A.11R.A28V.07	0.012	0.124	0.046	0.03	0.192	0.039	0.104	0.187	0.363	0.182	0.08	0	0	0.055	0.181	0.167	0.115	0.204	0.158	0.145	0.218	0	0.127	0.134	0.669
TCGA.DD.A4NO.01A.11R.A28V.07	0.05	0.142	0.103	0	0.185	0.096	0.194	0.171	0.384	0.203	0.23	0.007	0	0	0.344	0.151	0.066	0.173	0.181	0.242	0.184	0	0.139	0.17	0.689
TCGA.DD.A4NP.01A.11R.A28V.07	0.035	0.083	0.216	0.028	0.174	0.024	0.058	0.188	0.255	0.273	0.153	0	0	0	0.312	0.078	0.065	0.231	0.198	0.158	0.238	0.028	0.099	0.175	0.655
TCGA.DD.A4NQ.01A.21R.A28V.07	0	0.064	0.149	0	0.23	0.192	0.237	0.19	0.346	0.18	0.144	0.044	0	0.039	0.268	0.257	0.132	0.226	0.245	0.197	0.193	0	0.072	0.197	0.801
TCGA.DD.A4NR.01A.11R.A311.07	0.016	0.072	0.211	0.122	0.221	0.113	0.272	0.304	0.273	0	0.347	0.099	0	0.052	0.261	0.233	0.1	0.168	0.339	0.182	0.122	0.053	0.139	0.231	0.797
TCGA.DD.A4NS.01A.11R.A311.07	0.075	0.117	0.171	0.021	0.204	0.042	0.204	0.205	0.362	0.126	0.387	0.095	0	0.078	0.295	0.163	0.046	0.148	0.244	0.253	0.145	0.013	0.178	0.21	0.731
TCGA.DD.A4NV.01A.11R.A311.07	0.039	0.049	0.138	0.018	0.23	0.063	0.178	0.151	0.392	0.217	0.244	0.035	0	0.091	0.315	0.14	0.019	0.179	0.24	0.239	0.195	0.021	0.139	0.161	0.692
TCGA.DD.A73A.01A.12R.A32O.07	0.036	0.089	0.175	0	0.189	0.051	0.204	0.233	0.355	0.161	0.362	0.109	0	0	0.348	0.175	0.075	0.132	0.204	0.217	0.17	0.011	0.152	0.201	0.698
TCGA.DD.A73B.01A.12R.A32O.07	0	0.131	0.141	0.035	0.294	0.033	0.017	0.116	0.378	0.224	0	0.041	0	0	0.231	0.154	0.109	0.155	0.167	0.202	0.225	0.063	0.057	0.14	0.637
TCGA.DD.A73C.01A.12R.A33J.07	0.006	0.061	0.203	0.008	0.217	0.08	0.202	0.176	0.389	0.188	0.163	0.06	0	0	0.307	0.154	0.03	0.184	0.244	0.25	0.2	0.053	0.156	0.142	0.717
TCGA.DD.A73D.01A.12R.A32O.07	0	0.099	0.034	0	0.275	0.155	0.175	0.088	0.112	0.273	0.009	0.039	0	0	0.052	0.167	0.103	0.173	0.168	0.068	0.294	0.056	0.026	0.088	0.573
TCGA.DD.A73E.01A.12R.A32O.07	0.074	0.157	0.044	0	0.204	0.084	0.105	0	0.07	0.259	0.015	0.059	0	0.002	0.162	0.138	0.118	0.139	0.093	0.12	0.278	0.013	0.092	0.075	0.555
TCGA.DD.A73F.01A.11R.A32O.07	0.006	0.13	0.184	0.071	0.208	0.071	0.233	0.302	0.361	0.101	0.348	0.141	0	0	0.263	0.195	0.079	0.101	0.273	0.262	0.09	0.06	0.146	0.24	0.73
TCGA.DD.A73G.01A.22R.A32O.07	0	0.077	0.149	0.077	0.266	0.064	0.096	0.2	0.364	0.105	0.131	0	0.003	0.065	0.282	0.242	0.119	0.27	0.344	0.296	0.182	0.016	0.06	0.171	0.889
TCGA.DD.AA3A.01A.11R.A37K.07	0.065	0.166	0.044	0.033	0.109	0.073	0.056	0.102	0.383	0.155	0.131	0	0	0.069	0.297	0.215	0.117	0.162	0.084	0.167	0.207	0	0.129	0.126	0.637
TCGA.DD.AAC8.01A.11R.A41C.07	0	0.116	0.194	0.023	0.258	0.155	0.202	0.182	0.139	0.233	0.057	0.026	0	0.1	0.248	0.161	0.038	0.198	0.243	0.165	0.227	0.004	0.073	0.146	0.659
TCGA.DD.AAC9.01A.11R.A41C.07	0.01	0.06	0.136	0.018	0.213	0.107	0.175	0.19	0.337	0.164	0.324	0.046	0	0.09	0.336	0.186	0.101	0.184	0.301	0.231	0.119	0.013	0.153	0.223	0.79
TCGA.DD.AACA.01A.11R.A41C.07	0.001	0.173	0.132	0.051	0.15	0.132	0.193	0.115	0.264	0.234	0.078	0.053	0	0.026	0.211	0.095	0.103	0.168	0.142	0.122	0.229	0.043	0.028	0.168	0.557
TCGA.DD.AACA.02A.11R.A41C.07	0.068	0.17	0.054	0	0.09	0.063	0.12	0.018	0	0.251	0.047	0.07	0	0.044	0.131	0.141	0.099	0.181	0.151	0.086	0.245	0.028	0.055	0.079	0.547
TCGA.DD.AACA.02B.11R.A41C.07	0.058	0.147	0.059	0.001	0	0.007	0	0.062	0	0.259	0.055	0.06	0	0.025	0.085	0.078	0.133	0.186	0.134	0.057	0.257	0.045	0.003	0.073	0.485
TCGA.DD.AACB.01A.11R.A41C.07	0	0.032	0.207	0.127	0.218	0.09	0.188	0.355	0.251	0.14	0.313	0.054	0.012	0.039	0.185	0.157	0.136	0.137	0.245	0.234	0.137	0.108	0.085	0.291	0.75
TCGA.DD.AACC.01A.11R.A41C.07	0	0	0.197	0.134	0.212	0.111	0.197	0.299	0.357	0.08	0.343	0.057	0	0.099	0.261	0.176	0.161	0.101	0.312	0.283	0.08	0.096	0.144	0.324	0.834
TCGA.DD.AACD.01A.11R.A41C.07	0.017	0.088	0.211	0.109	0.056	0	0.001	0.272	0.25	0.23	0.266	0.006	0.023	0.056	0.337	0.221	0.101	0.192	0.263	0.237	0.151	0.025	0.072	0.226	0.771
TCGA.DD.AACE.01A.11R.A41C.07	0.016	0.098	0.08	0.011	0.24	0.145	0.215	0.177	0.425	0.204	0.073	0.017	0.045	0	0.25	0.155	0.044	0.161	0.244	0.15	0.216	0	0.064	0.121	0.609
TCGA.DD.AACF.01A.11R.A41C.07	0	0.082	0.195	0.041	0.207	0.106	0.104	0.233	0.309	0.171	0.236	0	0	0.012	0.297	0.249	0.067	0.165	0.324	0.2	0.193	0.064	0.061	0.209	0.774
TCGA.DD.AACG.01A.11R.A41C.07	0	0.085	0.177	0.01	0.204	0.096	0.103	0.224	0.413	0.217	0.253	0	0	0.026	0.32	0.283	0.117	0.106	0.259	0.232	0.171	0.022	0.09	0.233	0.786
TCGA.DD.AACH.01A.11R.A41C.07	0	0.138	0.145	0.051	0.269	0.127	0.207	0.134	0.263	0.157	0.113	0	0	0.035	0.21	0.231	0.133	0.175	0.266	0.16	0.168	0.003	0.064	0.135	0.703
TCGA.DD.AACI.01A.11R.A41C.07	0	0.047	0.247	0.099	0.203	0.111	0.177	0.309	0.33	0.065	0.35	0.046	0	0.069	0.284	0.213	0.076	0.144	0.307	0.286	0.103	0.084	0.117	0.276	0.803
TCGA.DD.AACJ.01A.11R.A41C.07	0	0.14	0.143	0.022	0.259	0.019	0.02	0.133	0.302	0.248	0.016	0	0	0.006	0.274	0.19	0.119	0.213	0.261	0.095	0.263	0.034	0.028	0.132	0.686
TCGA.DD.AACK.01A.11R.A41C.07	0	0.107	0.088	0	0.21	0.171	0.221	0.207	0.415	0.207	0.223	0.08	0	0	0.285	0.151	0.07	0.144	0.178	0.153	0.201	0	0.122	0.167	0.625
TCGA.DD.AACL.01A.11R.A41C.07	0	0.029	0.202	0.13	0.234	0.097	0.136	0.318	0.267	0.099	0.272	0	0	0.115	0.261	0.187	0.107	0.221	0.349	0.217	0.182	0.083	0.116	0.263	0.866
TCGA.DD.AACN.01A.11R.A41C.07	0.051	0.063	0.121	0.036	0.213	0.08	0.19	0.165	0.427	0.19	0.292	0.056	0	0.037	0.273	0.161	0.072	0.157	0.198	0.22	0.148	0.021	0.16	0.21	0.699
TCGA.DD.AACO.01A.11R.A41C.07	0	0.113	0.213	0.037	0.22	0.05	0.12	0.247	0.451	0.073	0.224	0	0	0.039	0.344	0.187	0.126	0.103	0.255	0.337	0.147	0.006	0.137	0.186	0.779
TCGA.DD.AACP.01A.11R.A41C.07	0	0.151	0.12	0.062	0.203	0.128	0.23	0.236	0.348	0.151	0.237	0	0	0.07	0.23	0.155	0.084	0.157	0.094	0.218	0.15	0.014	0.131	0.27	0.664
TCGA.DD.AACQ.01A.11R.A41C.07	0.031	0.149	0.111	0.025	0.112	0	0.023	0.111	0.213	0.229	0	0	0	0	0.232	0.088	0.134	0.155	0.131	0.094	0.252	0.092	0.038	0.166	0.558
TCGA.DD.AACS.01A.11R.A41C.07	0.004	0.113	0.019	0	0.197	0.046	0.114	0.146	0.36	0.193	0.092	0.006	0	0	0.193	0.136	0.115	0.185	0.18	0.077	0.236	0.013	0.079	0.096	0.582
TCGA.DD.AACT.01A.11R.A41C.07	0.029	0.079	0.206	0.049	0.201	0.063	0.169	0.238	0.36	0.164	0.329	0.058	0.004	0.023	0.274	0.132	0.073	0.188	0.262	0.287	0.165	0.044	0.135	0.191	0.755
TCGA.DD.AACU.01A.11R.A41C.07	0.05	0.103	0.149	0	0.213	0.074	0.19	0.251	0.279	0.177	0.266	0.061	0	0.038	0.303	0.215	0.096	0.151	0.244	0.175	0.175	0	0.106	0.179	0.707
TCGA.DD.AACV.01A.11R.A41C.07	0.001	0.128	0.054	0	0.295	0.019	0.052	0.093	0.351	0.221	0.065	0.016	0	0	0.21	0.198	0.131	0.182	0.167	0.13	0.216	0.063	0.037	0.153	0.639
TCGA.DD.AACW.01A.11R.A41C.07	0	0.042	0.103	0.06	0.174	0.109	0.225	0.213	0.315	0.175	0.298	0.045	0	0	0.269	0.209	0.104	0.136	0.13	0.161	0.187	0.034	0.16	0.236	0.698
TCGA.DD.AACX.01A.11R.A41C.07	0	0.065	0.125	0.029	0.228	0.138	0.197	0.134	0.281	0.245	0.062	0.011	0.01	0.032	0.215	0.14	0.113	0.22	0.286	0.012	0.253	0.02	0.009	0.156	0.628
TCGA.DD.AACY.01A.11R.A41C.07	0	0.058	0.118	0	0.169	0.128	0.112	0.211	0.371	0.194	0.331	0.085	0	0.032	0.345	0.174	0.046	0.142	0.216	0.227	0.171	0.042	0.122	0.226	0.697
TCGA.DD.AACZ.01A.11R.A41C.07	0	0.045	0.191	0.092	0.22	0.145	0.275	0.302	0.236	0	0.312	0.092	0	0.063	0.27	0.209	0.121	0.144	0.361	0.167	0.156	0.079	0.112	0.28	0.817
TCGA.DD.AAD0.01A.11R.A41C.07	0	0.103	0.121	0	0.228	0.05	0.128	0.148	0.177	0.249	0.183	0.076	0	0.036	0.241	0.188	0.087	0.197	0.196	0.115	0.267	0.008	0.087	0.121	0.663
TCGA.DD.AAD1.01A.11R.A41C.07	0.074	0.091	0.119	0.014	0.233	0.068	0.219	0.191	0.365	0.115	0.38	0.106	0	0.075	0.35	0.143	0.16	0.104	0.181	0.246	0.096	0.029	0.183	0.204	0.694
TCGA.DD.AAD2.01A.11R.A41C.07	0.025	0.108	0.145	0.018	0.22	0.057	0.216	0.224	0.363	0.138	0.34	0.053	0	0.038	0.341	0.207	0.062	0.199	0.283	0.281	0.117	0.009	0.176	0.17	0.788
TCGA.DD.AAD3.01A.11R.A41C.07	0.011	0.129	0.089	0	0.232	0.072	0.234	0.171	0.378	0.149	0.317	0.084	0	0.059	0.337	0.19	0.063	0.152	0.227	0.197	0.152	0.015	0.152	0.207	0.707
TCGA.DD.AAD5.01A.11R.A41C.07	0	0.072	0.137	0.039	0.268	0.109	0.183	0.094	0.345	0.142	0.022	0	0	0.096	0.266	0.203	0.165	0.248	0.368	0.18	0.199	0.003	0.014	0.095	0.776
TCGA.DD.AAD6.01A.11R.A41C.07	0	0.117	0.034	0.017	0.222	0.093	0.173	0.165	0.187	0.215	0.205	0.059	0	0.045	0.3	0.202	0.087	0.198	0.174	0.111	0.199	0.005	0.109	0.113	0.629
TCGA.DD.AAD8.01A.11R.A41C.07	0	0.105	0.146	0.033	0.246	0.104	0.17	0.084	0.434	0.204	0.132	0.02	0	0	0.304	0.176	0.131	0.173	0.186	0.198	0.211	0.023	0.122	0.137	0.703
TCGA.DD.AADA.01A.11R.A41C.07	0.067	0.032	0.17	0.069	0.196	0.062	0.123	0.22	0.385	0.153	0.351	0.1	0	0.064	0.309	0.128	0.115	0.188	0.146	0.316	0.135	0.033	0.156	0.235	0.749
TCGA.DD.AADB.01A.11R.A41C.07	0	0.105	0.155	0.095	0.214	0.163	0.286	0.316	0.26	0.127	0.308	0.095	0	0.026	0.222	0.184	0.122	0.105	0.123	0.168	0.16	0.057	0.141	0.29	0.682
TCGA.DD.AADC.01A.11R.A41C.07	0.012	0.133	0.138	0.029	0.243	0.102	0.151	0.174	0.428	0.206	0.098	0.039	0	0.006	0.291	0.193	0.092	0.152	0.176	0.189	0.156	0.033	0.124	0.178	0.665
TCGA.DD.AADD.01A.11R.A41C.07	0	0.052	0.123	0.082	0.231	0.142	0.255	0.217	0.253	0.233	0.181	0.003	0.027	0.012	0.174	0.218	0.101	0.16	0.199	0.109	0.213	0.035	0.033	0.233	0.668
TCGA.DD.AADF.01A.11R.A41C.07	0	0.105	0.144	0.1	0.244	0.119	0.138	0.317	0.405	0.172	0.17	0.017	0.033	0	0.209	0.101	0.138	0.145	0.155	0.271	0.154	0.063	0.043	0.255	0.665
TCGA.DD.AADG.01A.11R.A41C.07	0.016	0.123	0.153	0	0.17	0.046	0.092	0.149	0.289	0.267	0.098	0	0	0.02	0.216	0.096	0.063	0.156	0.123	0.135	0.249	0.061	0.069	0.19	0.57
TCGA.DD.AADI.01A.11R.A41C.07	0.019	0.067	0.213	0.018	0.195	0.035	0.098	0.24	0.4	0.16	0.399	0.074	0	0.086	0.292	0.195	0.122	0.12	0.189	0.347	0.1	0.032	0.177	0.274	0.803
TCGA.DD.AADJ.01A.11R.A41C.07	0	0	0.133	0.046	0.181	0.105	0.147	0.236	0.427	0.199	0.252	0.055	0	0.038	0.321	0.164	0.114	0.182	0.153	0.253	0.194	0.014	0.158	0.198	0.747
TCGA.DD.AADK.01A.11R.A41C.07	0.038	0.054	0.152	0.038	0.216	0.075	0.174	0.219	0.404	0.143	0.283	0.066	0	0.065	0.304	0.133	0.156	0.154	0.167	0.32	0.122	0.019	0.206	0.2	0.769
TCGA.DD.AADL.01A.11R.A41C.07	0.026	0.115	0.17	0	0.202	0.056	0.142	0.168	0.362	0.213	0.018	0	0	0.006	0.273	0.135	0.1	0.168	0.186	0.307	0.22	0.039	0.067	0.135	0.695
TCGA.DD.AADM.01A.11R.A41C.07	0	0.105	0.148	0.018	0.229	0.084	0.146	0.228	0.398	0.186	0.222	0	0.012	0.061	0.312	0.172	0.084	0.16	0.251	0.28	0.16	0	0.113	0.158	0.727
TCGA.DD.AADN.01A.11R.A41C.07	0	0.02	0.269	0.143	0.181	0.126	0.157	0.341	0.286	0.024	0.321	0.009	0.007	0.034	0.29	0.138	0.114	0.183	0.291	0.269	0.141	0.11	0.079	0.324	0.811
TCGA.DD.AADO.01A.11R.A41C.07	0	0.016	0.203	0.116	0.239	0.146	0.145	0.322	0.339	0.107	0.343	0.036	0.018	0.052	0.232	0.157	0.105	0.119	0.23	0.309	0.131	0.044	0.139	0.346	0.81
TCGA.DD.AADP.01A.11R.A39D.07	0.019	0.097	0.121	0	0.223	0.091	0.247	0.193	0.327	0.233	0.269	0.082	0	0.042	0.279	0.136	0.102	0.158	0.181	0.108	0.155	0.015	0.166	0.152	0.611
TCGA.DD.AADQ.01A.11R.A41C.07	0	0.093	0.218	0.045	0.202	0.132	0.122	0.301	0.293	0.221	0.221	0	0.055	0.028	0.314	0.116	0.058	0.155	0.191	0.244	0.183	0.026	0.074	0.226	0.657
TCGA.DD.AADR.01A.11R.A41C.07	0	0.064	0.188	0.022	0.19	0.06	0.143	0.257	0.437	0.184	0.284	0.079	0	0	0.281	0.192	0.086	0.109	0.196	0.259	0.151	0.053	0.139	0.211	0.708
TCGA.DD.AADS.01A.11R.A41C.07	0	0.062	0.262	0.035	0.215	0.084	0.165	0.215	0.412	0.128	0.333	0	0	0.002	0.262	0.184	0.114	0.135	0.338	0.326	0.12	0.057	0.128	0.246	0.839
TCGA.DD.AADU.01A.11R.A41C.07	0	0.146	0.106	0.027	0.161	0.113	0.166	0.157	0.287	0.193	0.139	0.001	0	0.095	0.32	0.159	0.076	0.161	0.115	0.152	0.218	0.032	0.08	0.142	0.582
TCGA.DD.AADV.01A.11R.A39D.07	0.005	0.137	0.152	0	0.239	0.061	0.16	0.221	0.396	0.15	0.191	0.018	0	0.05	0.297	0.198	0.088	0.127	0.242	0.237	0.181	0.022	0.116	0.163	0.713
TCGA.DD.AADW.01A.11R.A39D.07	0.014	0.137	0.078	0	0.245	0.046	0.156	0.163	0.451	0.211	0.196	0.039	0	0.084	0.28	0.138	0.096	0.153	0.137	0.105	0.181	0.02	0.139	0.164	0.586
TCGA.DD.AADY.01A.11R.A41C.07	0	0.033	0.11	0	0.232	0.122	0.271	0.193	0.421	0.204	0.116	0.062	0	0.028	0.258	0.109	0.06	0.173	0.16	0.169	0.193	0	0.096	0.141	0.581
TCGA.DD.AAE0.01A.11R.A41C.07	0.048	0.132	0.116	0.062	0.16	0.112	0.136	0.264	0.455	0.1	0.079	0	0.006	0.097	0.252	0.157	0.107	0.102	0.135	0.37	0.164	0.021	0.113	0.193	0.707
TCGA.DD.AAE1.01A.11R.A41C.07	0.057	0.071	0.154	0.02	0.195	0.089	0.207	0.233	0.336	0.184	0.305	0.031	0	0.031	0.199	0.17	0.094	0.154	0.113	0.169	0.206	0.032	0.177	0.226	0.691
TCGA.DD.AAE2.01A.11R.A41C.07	0	0.098	0.163	0.088	0.223	0.096	0.171	0.303	0.398	0.147	0.263	0.115	0	0	0.274	0.175	0.073	0.111	0.229	0.237	0.138	0.049	0.118	0.226	0.689
TCGA.DD.AAE3.01A.11R.A41C.07	0	0.115	0.15	0.044	0.22	0.024	0.051	0.159	0.421	0.209	0.091	0	0.011	0.039	0.289	0.275	0.091	0.172	0.292	0.164	0.202	0	0.062	0.128	0.731
TCGA.DD.AAE4.01A.11R.A41C.07	0	0.055	0.235	0.09	0.2	0.091	0.129	0.294	0.382	0.102	0.343	0.053	0	0.06	0.28	0.213	0.072	0.108	0.304	0.321	0.108	0.085	0.107	0.289	0.802
TCGA.DD.AAE6.01A.11R.A41C.07	0.082	0.066	0	0	0.238	0.064	0.059	0	0.086	0.244	0	0.025	0	0.003	0.018	0.116	0.155	0.163	0.181	0.109	0.265	0.044	0.071	0.07	0.596
TCGA.DD.AAE7.01A.11R.A41C.07	0.043	0.017	0.172	0.022	0.187	0.048	0.144	0.213	0.349	0.164	0.326	0.108	0	0.081	0.333	0.163	0.078	0.153	0.249	0.27	0.156	0.058	0.137	0.21	0.746
TCGA.DD.AAE9.01A.11R.A41C.07	0	0.164	0.218	0	0.255	0.131	0.174	0.193	0.212	0.203	0.148	0	0	0.073	0.271	0.095	0.034	0.186	0.136	0.174	0.238	0	0.081	0.211	0.609
TCGA.DD.AAEA.01A.11R.A41C.07	0	0.08	0.178	0.073	0.206	0.101	0.181	0.293	0.418	0.133	0.29	0.065	0.022	0	0.23	0.185	0.1	0.119	0.185	0.259	0.152	0.084	0.111	0.233	0.708
TCGA.DD.AAEB.01A.11R.A41C.07	0.011	0.159	0.249	0.021	0.229	0.052	0.029	0.203	0.361	0.201	0.224	0.018	0	0.018	0.321	0.124	0.049	0.163	0.125	0.233	0.192	0.054	0.103	0.21	0.633
TCGA.DD.AAED.01A.12R.A41C.07	0.055	0.092	0.121	0	0.241	0.139	0.185	0.17	0.276	0.125	0.3	0	0.012	0	0.239	0.136	0.094	0.212	0.192	0.128	0.215	0.038	0.179	0.178	0.704
TCGA.DD.AAEE.01A.11R.A41C.07	0.019	0.141	0.103	0	0.176	0.125	0.13	0.131	0.312	0.242	0.143	0.042	0	0.038	0.339	0.134	0.115	0.139	0.151	0.089	0.197	0	0.143	0.154	0.592
TCGA.DD.AAEG.01A.11R.A39D.07	0.032	0.147	0.056	0	0.191	0.048	0.107	0.132	0.259	0.207	0.086	0.005	0	0.092	0.251	0.109	0.102	0.18	0.157	0.208	0.217	0	0.084	0.105	0.613
TCGA.DD.AAEH.01A.11R.A41C.07	0	0.071	0.235	0.076	0.207	0.061	0.21	0.293	0.359	0.117	0.366	0.116	0	0	0.296	0.148	0.051	0.1	0.219	0.304	0.099	0.065	0.145	0.294	0.717
TCGA.DD.AAEI.01A.11R.A41C.07	0	0.081	0.2	0	0.25	0.075	0.161	0.22	0.363	0.148	0.246	0.046	0	0.01	0.312	0.259	0.076	0.156	0.317	0.175	0.182	0.038	0.097	0.165	0.752
TCGA.DD.AAEK.01A.11R.A41C.07	0.035	0.1	0.137	0.056	0.21	0.088	0.281	0.272	0.312	0.158	0.339	0.148	0	0.05	0.273	0.197	0.109	0.098	0.186	0.224	0.122	0.004	0.154	0.21	0.686
TCGA.DD.AAVP.01A.11R.A41C.07	0	0.128	0.118	0.066	0.204	0.053	0.09	0.212	0.406	0.231	0.159	0.026	0.015	0.017	0.302	0.096	0.068	0.19	0.167	0.197	0.196	0.04	0.106	0.171	0.628
TCGA.DD.AAVQ.01A.11R.A41C.07	0.024	0.086	0.186	0.088	0.209	0.114	0.163	0.305	0.355	0.085	0.36	0.098	0	0.079	0.259	0.194	0.199	0.092	0.164	0.277	0.082	0.026	0.177	0.33	0.798
TCGA.DD.AAVR.01A.11R.A41C.07	0.018	0.079	0.146	0.032	0.211	0.047	0.127	0.177	0.361	0.148	0.372	0.107	0	0.093	0.365	0.228	0.12	0.151	0.296	0.293	0.107	0.033	0.158	0.194	0.816
TCGA.DD.AAVS.01A.11R.A41C.07	0.045	0.081	0.153	0.004	0.205	0.067	0.21	0.227	0.358	0.145	0.269	0.138	0	0.029	0.305	0.161	0.085	0.17	0.172	0.22	0.16	0.018	0.118	0.216	0.686
TCGA.DD.AAVU.01A.11R.A41C.07	0	0.06	0.072	0	0.113	0	0	0.125	0.47	0.259	0.079	0	0	0	0.213	0.222	0.131	0.189	0.277	0.203	0.231	0.03	0.035	0.104	0.734
TCGA.DD.AAVV.01A.11R.A41C.07	0.002	0.105	0.154	0.051	0.201	0.144	0.232	0.251	0.292	0.134	0.338	0.092	0	0.066	0.306	0.216	0.111	0.142	0.262	0.234	0.112	0.012	0.15	0.252	0.779
TCGA.DD.AAVW.01A.11R.A41C.07	0.071	0.135	0.081	0	0.226	0.069	0.244	0.19	0.328	0.139	0.318	0.126	0	0.029	0.376	0.231	0.075	0.127	0.17	0.222	0.122	0	0.213	0.204	0.72
TCGA.DD.AAVX.01A.11R.A41C.07	0.027	0.046	0.179	0.005	0.2	0.061	0.163	0.252	0.319	0.249	0.323	0.097	0	0	0.301	0.192	0.077	0.153	0.23	0.186	0.163	0.054	0.149	0.181	0.702
TCGA.DD.AAVY.01A.11R.A41C.07	0	0.118	0.161	0.053	0.269	0.037	0.129	0.119	0.096	0.201	0.065	0	0	0.001	0.275	0.144	0.071	0.181	0.218	0.091	0.275	0.042	0.051	0.098	0.595
TCGA.DD.AAVZ.01A.11R.A41C.07	0.035	0.072	0.063	0	0.144	0.078	0.208	0.197	0.281	0.191	0.262	0.093	0	0.072	0.282	0.168	0.097	0.162	0.189	0.089	0.19	0.03	0.159	0.181	0.651
TCGA.DD.AAW0.01A.11R.A41C.07	0.037	0.108	0.107	0	0.213	0.062	0.27	0.177	0.389	0.137	0.293	0.078	0	0.058	0.327	0.235	0.08	0.192	0.302	0.271	0.141	0	0.147	0.184	0.818
TCGA.DD.AAW1.01A.11R.A41C.07	0.026	0.093	0.173	0.011	0.232	0.093	0.116	0.147	0.201	0.261	0.126	0.05	0	0	0.208	0.193	0.065	0.183	0.179	0.058	0.266	0.024	0.086	0.12	0.606
TCGA.DD.AAW2.01A.11R.A41C.07	0.053	0.164	0.232	0	0.282	0.03	0.119	0.019	0.07	0.195	0.098	0.042	0	0.038	0.18	0.121	0.084	0.177	0.173	0.173	0.219	0.041	0.094	0.177	0.642
TCGA.DD.AAW3.01A.11R.A41C.07	0.006	0.113	0.141	0	0.206	0.08	0.169	0.157	0.315	0.192	0.177	0.04	0	0.042	0.283	0.141	0.044	0.211	0.146	0.126	0.226	0.022	0.076	0.153	0.592
TCGA.ED.A459.01A.11R.A266.07	0.013	0.135	0.069	0.056	0.234	0.049	0.063	0.151	0.234	0.23	0.068	0	0	0.056	0.322	0.187	0.19	0.186	0.3	0.018	0.201	0	0.062	0.087	0.649
TCGA.ED.A4XI.01A.11R.A266.07	0.042	0.08	0.163	0.043	0.208	0.045	0.172	0.237	0.342	0.145	0.342	0.046	0	0.057	0.295	0.177	0.071	0.202	0.327	0.284	0.165	0.028	0.153	0.176	0.82
TCGA.ED.A5KG.01A.11R.A27V.07	0.062	0.045	0.229	0.089	0.273	0.153	0.316	0.283	0.315	0.01	0.343	0.18	0	0	0.248	0.137	0.273	0	0.072	0.266	0	0.045	0.237	0.353	0.705
TCGA.ED.A627.01A.12R.A311.07	0.057	0.068	0.202	0.07	0.212	0.059	0.197	0.264	0.372	0.119	0.419	0.094	0	0.063	0.254	0.157	0.054	0.165	0.307	0.277	0.123	0.037	0.17	0.219	0.776
TCGA.ED.A66X.01A.11R.A311.07	0.052	0.133	0.117	0.025	0.248	0.072	0.224	0.17	0.277	0.14	0.219	0.032	0	0.089	0.26	0.273	0.104	0.226	0.298	0.196	0.155	0	0.156	0.18	0.837
TCGA.ED.A66Y.01A.11R.A311.07	0.019	0.136	0	0.051	0.175	0.082	0.12	0.069	0.242	0.204	0.108	0	0	0.021	0.224	0.1	0.163	0.201	0.052	0.069	0.232	0.015	0.104	0.159	0.57
TCGA.ED.A7PX.01A.51R.A352.07	0.055	0.146	0.125	0.044	0.228	0.091	0.098	0.148	0.342	0.177	0.092	0	0	0.1	0.24	0.22	0.093	0.194	0.262	0.151	0.173	0	0.088	0.175	0.715
TCGA.ED.A7PY.01A.11R.A33R.07	0	0.083	0.116	0.024	0.094	0.106	0.156	0.204	0.434	0.207	0.206	0	0.008	0	0.238	0.105	0.088	0.199	0.161	0.245	0.201	0.022	0.132	0.237	0.722
TCGA.ED.A7PZ.01A.11R.A33R.07	0.028	0.084	0.115	0	0.245	0.017	0.008	0.017	0.173	0.234	0.027	0.041	0	0.093	0.121	0.191	0.166	0.189	0.185	0.073	0.27	0	0.019	0.153	0.658
TCGA.ED.A7XO.01A.11R.A352.07	0.011	0.13	0.144	0.038	0.214	0.074	0.129	0.184	0.372	0.159	0.367	0.038	0	0.087	0.297	0.146	0.099	0.175	0.286	0.269	0.155	0.034	0.102	0.214	0.762
TCGA.ED.A7XP.01A.11R.A352.07	0.031	0.082	0.143	0.003	0.21	0.099	0.256	0.225	0.339	0.15	0.228	0.071	0.001	0.042	0.341	0.208	0.088	0.141	0.241	0.184	0.179	0.011	0.15	0.167	0.717
TCGA.ED.A82E.01A.11R.A352.07	0.085	0.187	0.034	0	0.191	0.127	0.183	0.169	0.284	0.236	0.085	0.016	0	0.052	0.252	0.169	0.077	0.09	0.176	0.112	0.193	0	0.128	0.12	0.562
TCGA.ED.A8O5.01A.11R.A36F.07	0.011	0.086	0.16	0.026	0.178	0.082	0.187	0.249	0.291	0.195	0.312	0.075	0	0	0.278	0.097	0.103	0.137	0.052	0.232	0.186	0.05	0.13	0.222	0.611
TCGA.ED.A8O6.01A.11R.A36F.07	0.025	0.064	0.142	0.043	0.23	0.12	0.202	0.193	0.283	0.202	0.237	0.032	0	0.061	0.229	0.204	0.081	0.159	0.151	0.186	0.189	0	0.144	0.244	0.716
TCGA.ED.A97K.01A.21R.A38B.07	0.089	0.048	0.109	0.029	0.209	0.148	0.238	0.146	0.368	0.131	0.278	0.064	0	0.015	0.321	0.202	0.075	0.213	0.281	0.167	0.163	0	0.193	0.13	0.75
TCGA.EP.A12J.01A.11R.A131.07	0	0.092	0.204	0	0.247	0.04	0.115	0.184	0.238	0.235	0.161	0.059	0	0.047	0.254	0.151	0.051	0.195	0.165	0.124	0.245	0.063	0.098	0.166	0.631
TCGA.EP.A12J.11A.11R.A131.07	0.051	0.076	0.185	0.026	0.188	0.058	0.189	0.196	0.403	0.167	0.302	0.096	0	0.075	0.293	0.168	0.049	0.187	0.298	0.27	0.162	0	0.12	0.186	0.759
TCGA.EP.A26S.01A.11R.A16W.07	0	0.068	0.196	0	0.234	0.061	0.163	0.218	0.302	0.257	0.148	0.004	0	0.068	0.232	0.218	0.017	0.199	0.197	0.197	0.218	0.048	0.118	0.152	0.694
TCGA.EP.A26S.11A.12R.A16W.07	0.048	0.026	0.208	0.054	0.129	0.048	0.172	0.205	0.373	0.188	0.288	0	0	0.114	0.264	0.157	0.016	0.204	0.322	0.305	0.225	0.057	0.104	0.17	0.793
TCGA.EP.A2KA.01A.11R.A180.07	0	0.133	0.178	0.082	0.193	0.132	0.266	0.256	0.294	0.101	0.363	0.073	0	0.016	0.28	0.184	0.111	0.102	0.159	0.206	0.134	0.058	0.168	0.268	0.702
TCGA.EP.A2KB.01A.11R.A180.07	0.002	0.077	0.087	0.08	0.192	0.114	0.21	0.225	0.399	0.165	0.228	0.034	0	0	0.197	0.184	0.062	0.145	0.175	0.174	0.203	0.018	0.11	0.205	0.664
TCGA.EP.A2KC.01A.11R.A213.07	0.006	0.132	0.098	0.009	0.199	0.139	0.172	0.177	0.285	0.227	0.217	0.037	0	0.068	0.298	0.174	0.047	0.141	0.201	0.111	0.231	0	0.114	0.19	0.638
TCGA.EP.A3JL.01A.11R.A213.07	0	0.091	0.198	0.084	0.214	0.033	0.16	0.301	0.366	0.114	0.295	0.077	0	0.072	0.307	0.194	0.078	0.187	0.319	0.313	0.12	0.061	0.124	0.207	0.813
TCGA.EP.A3RK.01A.11R.A22L.07	0	0.098	0.155	0.079	0.21	0.07	0.213	0.291	0.258	0.141	0.32	0.118	0	0.105	0.313	0.24	0.091	0.147	0.283	0.182	0.12	0.045	0.12	0.248	0.755
TCGA.EP.A3RK.11A.11R.A22L.07	0.069	0.103	0.071	0.073	0	0.082	0.181	0.21	0.346	0.204	0.281	0.005	0	0.012	0.304	0.125	0.051	0.198	0.271	0.231	0.184	0.021	0.07	0.183	0.692
TCGA.ES.A2HS.01A.11R.A180.07	0	0.14	0.141	0.005	0.058	0	0	0.156	0.427	0.21	0.129	0	0	0.057	0.289	0.123	0.103	0.218	0.248	0.208	0.205	0	0.061	0.141	0.689
TCGA.ES.A2HT.01A.12R.A180.07	0	0.057	0.139	0.045	0.219	0.086	0.151	0.273	0.36	0.158	0.266	0	0.004	0.129	0.34	0.174	0.045	0.204	0.291	0.3	0.158	0	0.11	0.175	0.769
TCGA.ES.A2HT.11A.11R.A180.07	0.066	0.083	0.174	0.067	0.203	0.036	0.209	0.269	0.39	0.103	0.339	0.09	0	0.06	0.295	0.19	0.067	0.15	0.31	0.271	0.121	0.022	0.137	0.176	0.749
TCGA.FV.A23B.01A.11R.A16W.07	0	0.094	0.163	0.035	0.215	0.103	0.231	0.25	0.416	0.164	0.301	0.121	0	0	0.229	0.211	0.101	0.123	0.165	0.18	0.158	0.021	0.169	0.169	0.673
TCGA.FV.A23B.11A.11R.A16W.07	0.088	0.066	0.177	0.052	0.224	0.033	0.178	0.247	0.362	0.142	0.403	0.118	0	0.045	0.299	0.174	0.045	0.155	0.287	0.273	0.118	0.029	0.183	0.206	0.76
TCGA.FV.A2QQ.01A.11R.A22L.07	0.004	0.091	0.173	0.024	0.224	0.056	0.173	0.233	0.398	0.143	0.272	0.076	0	0.073	0.301	0.188	0.065	0.162	0.239	0.29	0.173	0.02	0.144	0.207	0.774
TCGA.FV.A2QR.01A.11R.A213.07	0.023	0.136	0.172	0.041	0.224	0.026	0.078	0.164	0.352	0.214	0	0	0	0.061	0.253	0.211	0.05	0.228	0.236	0.194	0.218	0.023	0.083	0.116	0.704
TCGA.FV.A2QR.11A.11R.A213.07	0.055	0.108	0.189	0.07	0.204	0.04	0.177	0.246	0.378	0.139	0.405	0.057	0	0.061	0.251	0.217	0.048	0.148	0.348	0.272	0.133	0.056	0.143	0.175	0.782
TCGA.FV.A3I0.01A.11R.A22L.07	0.039	0.148	0.075	0.053	0.117	0.123	0.117	0.091	0.375	0.171	0.136	0.026	0	0.043	0.281	0.186	0.061	0.15	0.212	0.15	0.195	0.004	0.099	0.158	0.639
TCGA.FV.A3I0.11A.11R.A22L.07	0	0.09	0.016	0.048	0.022	0.081	0.182	0.08	0.441	0.263	0.128	0.003	0	0	0.247	0.158	0.02	0.267	0.307	0.215	0.302	0	0.052	0.1	0.75
TCGA.FV.A3I1.01A.11R.A22L.07	0	0.133	0.107	0.017	0.25	0.134	0.298	0.208	0.357	0.159	0.248	0.089	0	0.022	0.246	0.213	0.116	0.188	0.257	0.169	0.161	0	0.156	0.161	0.749
TCGA.FV.A3I1.11A.11R.A22L.07	0.097	0.049	0.111	0.046	0.168	0.064	0.189	0.194	0.335	0.194	0.329	0.073	0	0.027	0.282	0.142	0.082	0.189	0.292	0.255	0.189	0.017	0.148	0.169	0.773
TCGA.FV.A3R2.01A.11R.A22L.07	0.014	0.085	0.122	0	0.223	0.106	0.187	0.18	0.325	0.171	0.207	0.061	0.014	0.012	0.259	0.19	0.077	0.126	0.222	0.088	0.222	0.029	0.129	0.159	0.641
TCGA.FV.A3R2.11A.11R.A22L.07	0.043	0.088	0.178	0.064	0.171	0.024	0.148	0.264	0.38	0.153	0.356	0.023	0	0.043	0.279	0.203	0.039	0.174	0.377	0.297	0.149	0.076	0.135	0.194	0.827
TCGA.FV.A3R3.01A.11R.A22L.07	0.096	0.112	0.13	0.003	0.206	0.017	0.106	0.181	0.364	0.123	0.294	0.096	0	0.059	0.347	0.221	0.098	0.175	0.236	0.232	0.164	0.021	0.148	0.169	0.762
TCGA.FV.A495.01A.11R.A266.07	0	0.106	0.172	0.05	0.208	0.05	0.108	0.178	0.407	0.126	0.346	0	0	0.088	0.301	0.193	0.114	0.171	0.307	0.327	0.112	0.065	0.133	0.263	0.854
TCGA.FV.A496.01A.11R.A266.07	0.076	0.131	0.013	0	0.236	0.052	0.087	0.009	0.282	0.233	0	0	0	0	0.218	0.112	0.125	0.147	0.131	0.083	0.245	0	0.114	0.126	0.572
TCGA.FV.A4ZP.01A.12R.A266.07	0	0	0.24	0.159	0.252	0.028	0.093	0.328	0.239	0.029	0.123	0	0	0.123	0.304	0.226	0.131	0.209	0.304	0.165	0.194	0.033	0.035	0.236	0.791
TCGA.FV.A4ZQ.01A.11R.A266.07	0	0.034	0.228	0.133	0.238	0.161	0.234	0.337	0.214	0.065	0.308	0.107	0	0.094	0.186	0.15	0.134	0.129	0.226	0.152	0.144	0.079	0.095	0.281	0.69
TCGA.G3.A25S.01A.11R.A16W.07	0	0.08	0.095	0.063	0.233	0.112	0.175	0.174	0.311	0.178	0.222	0	0.037	0.022	0.284	0.262	0.091	0.203	0.29	0.139	0.194	0	0.045	0.236	0.77
TCGA.G3.A25T.01A.11R.A16W.07	0.067	0.18	0.153	0.013	0.034	0.019	0.062	0.196	0.469	0.178	0.195	0.01	0	0.074	0.272	0.219	0.065	0.149	0.247	0.252	0.164	0.006	0.104	0.188	0.732
TCGA.G3.A25U.01A.11R.A16W.07	0.005	0.125	0.122	0	0.232	0.064	0.112	0.178	0.315	0.241	0.109	0.025	0	0	0.245	0.146	0.081	0.159	0.216	0.127	0.239	0.044	0.065	0.134	0.615
TCGA.G3.A25V.01A.11R.A16W.07	0.054	0.106	0.138	0	0.213	0.065	0.196	0.214	0.339	0.166	0.352	0.064	0	0.068	0.335	0.209	0.042	0.181	0.325	0.238	0.152	0	0.158	0.192	0.789
TCGA.G3.A25X.01A.11R.A16W.07	0	0.039	0.251	0.097	0.214	0.14	0.166	0.251	0.393	0.122	0.255	0	0	0.095	0.295	0.244	0.095	0.125	0.296	0.309	0.103	0.053	0.074	0.264	0.796
TCGA.G3.A25Y.01A.11R.A16W.07	0.019	0.09	0.103	0	0.222	0.103	0.218	0.194	0.422	0.191	0.286	0.083	0	0.05	0.281	0.183	0.105	0.145	0.236	0.264	0.139	0.012	0.167	0.19	0.753
TCGA.G3.A25Z.01A.11R.A16W.07	0.003	0.05	0.081	0.023	0.231	0.095	0.123	0.2	0.41	0.276	0.094	0.041	0	0.04	0.288	0.228	0.071	0.186	0.292	0.168	0.192	0.002	0.085	0.144	0.72
TCGA.G3.A3CG.01A.11R.A213.07	0.024	0.099	0.135	0	0.214	0.106	0.201	0.2	0.404	0.214	0.247	0.048	0.003	0.029	0.227	0.145	0.051	0.181	0.183	0.175	0.192	0.024	0.123	0.202	0.661
TCGA.G3.A3CH.01A.11R.A22L.07	0.022	0.08	0.168	0.029	0.214	0.057	0.164	0.179	0.417	0.139	0.293	0.068	0	0.034	0.313	0.182	0.112	0.153	0.244	0.286	0.152	0.033	0.137	0.18	0.763
TCGA.G3.A3CH.11A.11R.A22L.07	0.073	0	0.173	0.055	0.178	0.067	0.19	0.243	0.395	0.13	0.34	0.122	0	0.01	0.355	0.146	0.072	0.194	0.334	0.282	0.135	0.049	0.12	0.229	0.797
TCGA.G3.A3CI.01A.11R.A213.07	0.045	0.084	0.257	0.047	0.215	0.036	0.113	0.177	0.414	0.222	0.3	0.04	0	0.005	0.283	0.117	0.082	0.184	0.284	0.256	0.206	0.02	0.157	0.185	0.775
TCGA.G3.A3CJ.01A.11R.A213.07	0.022	0.074	0.15	0.024	0.262	0	0.014	0.088	0.326	0.319	0.043	0.006	0	0.084	0.275	0.165	0.056	0.169	0.213	0.169	0.23	0.025	0.086	0.171	0.665
TCGA.G3.A3CK.01A.11R.A213.07	0.017	0.092	0.163	0.07	0.207	0.139	0.307	0.286	0.242	0.223	0.212	0.074	0	0.005	0.193	0.119	0.042	0.16	0.232	0.138	0.183	0.06	0.085	0.196	0.609
TCGA.G3.A5SI.01A.31R.A27V.07	0.004	0.157	0	0.025	0.308	0.05	0.047	0.148	0.189	0.221	0	0	0	0	0.202	0.189	0.096	0.218	0.242	0.133	0.241	0	0.067	0.029	0.641
TCGA.G3.A5SJ.01A.11R.A27V.07	0.016	0.104	0.169	0.04	0.225	0.103	0.239	0.258	0.343	0.119	0.336	0.163	0	0	0.268	0.219	0.125	0.114	0.174	0.231	0.12	0.042	0.144	0.24	0.722
TCGA.G3.A5SK.01A.11R.A27V.07	0.034	0.071	0.164	0.039	0.177	0.085	0.182	0.214	0.32	0.161	0.346	0.083	0	0	0.361	0.158	0.017	0.174	0.305	0.244	0.168	0.047	0.106	0.203	0.724
TCGA.G3.A5SL.01A.11R.A27V.07	0.024	0.121	0.126	0	0.2	0.059	0.122	0.193	0.417	0.193	0.2	0.107	0	0.038	0.248	0.146	0.03	0.192	0.169	0.131	0.218	0	0.116	0.122	0.593
TCGA.G3.A5SM.01A.12R.A28V.07	0.018	0.118	0.117	0.049	0.223	0.066	0.218	0.237	0.426	0.158	0.198	0.046	0	0.093	0.273	0.198	0.099	0.169	0.279	0.255	0.144	0	0.133	0.163	0.759
TCGA.G3.A6UC.01A.21R.A33J.07	0.001	0.108	0.176	0	0.272	0.076	0.136	0.083	0.29	0.206	0.113	0.011	0	0.003	0.203	0.169	0.069	0.19	0.197	0.142	0.237	0.045	0.094	0.161	0.663
TCGA.G3.A7M5.01A.11R.A33R.07	0	0.081	0.168	0.059	0.132	0.083	0.112	0.203	0.404	0.199	0.301	0	0.003	0.025	0.304	0.116	0.016	0.162	0.194	0.212	0.213	0.05	0.089	0.24	0.654
TCGA.G3.A7M6.01A.11R.A33R.07	0.086	0.093	0.089	0	0.16	0.07	0.145	0.213	0.409	0.123	0.297	0.074	0	0.192	0.282	0.098	0.126	0.131	0.127	0.218	0.167	0	0.167	0.216	0.658
TCGA.G3.A7M7.01A.12R.A352.07	0	0.122	0.123	0.002	0.152	0.083	0.134	0.235	0.429	0.176	0.16	0	0	0.039	0.33	0.133	0.076	0.215	0.198	0.265	0.213	0	0.106	0.117	0.697
TCGA.G3.A7M8.01A.11R.A33R.07	0.004	0.083	0.096	0.053	0.233	0.083	0.115	0.098	0.426	0.224	0.082	0	0	0.024	0.275	0.262	0.076	0.228	0.336	0.207	0.223	0	0.072	0.097	0.792
TCGA.G3.A7M9.01A.23R.A352.07	0.021	0.191	0.111	0.062	0.219	0.099	0.221	0.148	0.303	0.107	0.105	0	0	0.099	0.218	0.189	0.124	0.139	0.097	0.212	0.177	0.053	0.083	0.249	0.669
TCGA.G3.AAUZ.01A.11R.A38B.07	0	0.033	0.187	0.03	0.206	0.09	0.122	0.195	0.414	0.161	0.377	0.023	0	0.064	0.29	0.196	0.095	0.161	0.279	0.318	0.122	0.078	0.103	0.249	0.803
TCGA.G3.AAV0.01A.11R.A37K.07	0	0.09	0.124	0.083	0.116	0.068	0.115	0.155	0.444	0.193	0.269	0	0	0.01	0.294	0.073	0.049	0.215	0.193	0.281	0.183	0.063	0.112	0.256	0.718
TCGA.G3.AAV1.01A.11R.A38B.07	0.009	0.084	0	0	0.272	0.133	0.19	0.127	0.281	0.182	0.148	0.096	0	0.048	0.122	0.229	0.102	0.175	0.268	0.064	0.22	0.04	0.08	0.006	0.603
TCGA.G3.AAV2.01A.11R.A37K.07	0	0.132	0.199	0	0.273	0.107	0.134	0.147	0.15	0.235	0.062	0	0	0.091	0.263	0.183	0.057	0.183	0.171	0.172	0.248	0.04	0.076	0.105	0.631
TCGA.G3.AAV3.01A.11R.A37K.07	0	0.031	0.178	0.095	0.216	0.165	0.251	0.315	0.195	0.171	0.319	0.126	0	0.082	0.236	0.182	0.083	0.16	0.161	0.196	0.143	0.071	0.114	0.301	0.707
TCGA.G3.AAV4.01A.11R.A38B.07	0	0.092	0	0	0.225	0	0.055	0.191	0.319	0.204	0.253	0.087	0.008	0.072	0.13	0.189	0.124	0.179	0.203	0.042	0.261	0.021	0.062	0.108	0.616
TCGA.G3.AAV5.01A.11R.A37K.07	0.048	0.099	0.09	0.024	0.227	0.141	0.12	0.227	0.279	0.15	0.146	0.023	0	0.102	0.292	0.122	0.065	0.191	0.17	0.044	0.192	0.033	0.111	0.208	0.582
TCGA.G3.AAV6.01A.21R.A37K.07	0	0.137	0.076	0.053	0.224	0.077	0.172	0.193	0.314	0.133	0.171	0.016	0	0.107	0.175	0.179	0.086	0.221	0.118	0.068	0.198	0.042	0.147	0.279	0.684
TCGA.G3.AAV7.01A.11R.A38B.07	0.027	0.128	0.089	0.029	0.256	0.091	0.122	0.154	0.259	0.154	0.098	0.056	0	0.129	0.251	0.249	0.138	0.177	0.284	0.056	0.222	0	0.091	0.143	0.717
TCGA.GJ.A3OU.01A.31R.A38B.07	0.017	0.07	0.166	0.052	0.218	0.093	0.294	0.283	0.31	0.09	0.296	0.117	0	0.079	0.325	0.351	0.079	0.161	0.348	0.26	0.103	0.012	0.157	0.199	0.874
TCGA.GJ.A6C0.01A.12R.A311.07	0	0.028	0.147	0.039	0.22	0.135	0.224	0.184	0.44	0.192	0.22	0.056	0	0	0.268	0.271	0.085	0.199	0.285	0.278	0.175	0.008	0.118	0.177	0.837
TCGA.GJ.A9DB.01A.11R.A37K.07	0.052	0.098	0.091	0	0.253	0.082	0.129	0.146	0.421	0.146	0.137	0.017	0	0.124	0.284	0.183	0.095	0.168	0.242	0.165	0.19	0.013	0.118	0.145	0.689
TCGA.HP.A5MZ.01A.21R.A27V.07	0.047	0.124	0.138	0.032	0.217	0.048	0.19	0.218	0.384	0.123	0.318	0.113	0	0.043	0.364	0.212	0.063	0.173	0.283	0.276	0.117	0.004	0.18	0.197	0.791
TCGA.HP.A5N0.01A.11R.A28V.07	0.062	0.064	0.244	0.038	0.241	0	0.045	0.209	0.375	0.172	0.163	0.026	0	0.057	0.29	0.16	0.07	0.164	0.243	0.283	0.178	0.053	0.139	0.188	0.752
TCGA.K7.A5RF.01A.11R.A28V.07	0.068	0.083	0.14	0.06	0.22	0.027	0.189	0.237	0.375	0.142	0.345	0.082	0	0.081	0.246	0.17	0.081	0.157	0.363	0.281	0.146	0.018	0.132	0.179	0.795
TCGA.K7.A5RG.01A.11R.A28V.07	0.004	0.082	0.232	0.123	0.246	0.102	0.313	0.287	0.312	0.036	0.318	0.143	0	0.063	0.213	0.174	0.129	0.054	0.232	0.265	0.086	0.073	0.159	0.274	0.724
TCGA.K7.A6G5.01A.11R.A311.07	0	0.066	0.177	0.056	0.225	0.081	0.166	0.239	0.412	0.167	0.273	0.002	0	0.005	0.317	0.179	0.062	0.202	0.3	0.29	0.15	0.044	0.118	0.202	0.792
TCGA.K7.AAU7.01A.11R.A38B.07	0.078	0.126	0.061	0.022	0.219	0.131	0.224	0.135	0.365	0.11	0.238	0.106	0	0.101	0.249	0.213	0.077	0.192	0.214	0.131	0.174	0	0.177	0.138	0.694
TCGA.KR.A7K0.01A.12R.A33R.07	0.04	0.115	0.127	0.002	0.216	0.05	0.13	0.178	0.296	0.217	0.231	0.06	0	0.06	0.308	0.196	0.058	0.192	0.246	0.132	0.202	0	0.13	0.117	0.672
TCGA.KR.A7K2.01A.12R.A33R.07	0.042	0.093	0.173	0	0.235	0.064	0.14	0.211	0.385	0.123	0.345	0.087	0	0.023	0.326	0.111	0.08	0.168	0.189	0.241	0.172	0.026	0.16	0.191	0.692
TCGA.KR.A7K7.01A.11R.A33J.07	0	0.067	0.202	0.11	0.206	0.09	0.163	0.296	0.24	0.176	0.34	0.097	0	0.083	0.211	0.145	0.066	0.175	0.175	0.191	0.137	0.083	0.123	0.289	0.686
TCGA.KR.A7K8.01A.11R.A33J.07	0	0.011	0.22	0.1	0.226	0.098	0.21	0.311	0.405	0.052	0.286	0.052	0	0.043	0.277	0.153	0.069	0.168	0.259	0.272	0.138	0.101	0.169	0.269	0.79
TCGA.LG.A6GG.01A.11R.A311.07	0	0.098	0	0.033	0.136	0.126	0.214	0.121	0.341	0.252	0.187	0	0	0	0.234	0.172	0.085	0.183	0.217	0.147	0.21	0	0.084	0.102	0.632
TCGA.LG.A9QC.01A.11R.A37K.07	0	0.075	0	0.004	0.159	0.158	0.223	0.123	0.372	0.248	0.114	0.057	0	0	0.251	0.141	0.056	0.2	0.103	0.181	0.267	0.021	0.078	0.114	0.601
TCGA.LG.A9QD.01A.11R.A38B.07	0.012	0.061	0.167	0.033	0.193	0.064	0.144	0.211	0.316	0.216	0.323	0.065	0	0.025	0.289	0.12	0.107	0.186	0.195	0.209	0.177	0.048	0.136	0.188	0.694
TCGA.MI.A75C.01A.11R.A32O.07	0	0.078	0.178	0	0.218	0.157	0.191	0.266	0.332	0.165	0.327	0.015	0.001	0	0.318	0.127	0.077	0.184	0.177	0.215	0.181	0.059	0.11	0.284	0.714
TCGA.MI.A75E.01A.11R.A32O.07	0.01	0.09	0.157	0.014	0.205	0.053	0.152	0.227	0.396	0.176	0.318	0.088	0	0.05	0.353	0.168	0.067	0.152	0.26	0.269	0.137	0.04	0.133	0.213	0.738
TCGA.MI.A75G.01A.11R.A32O.07	0	0.124	0.09	0.007	0.251	0.113	0.164	0.094	0.267	0.196	0.125	0.023	0	0.005	0.278	0.143	0.086	0.163	0.173	0.033	0.241	0.038	0.06	0.183	0.57
TCGA.MI.A75H.01A.11R.A32O.07	0	0.1	0.229	0.022	0.201	0.074	0.183	0.229	0.332	0.131	0.341	0.077	0	0.058	0.307	0.157	0.04	0.164	0.229	0.292	0.173	0.053	0.124	0.228	0.743
TCGA.MI.A75I.01A.11R.A32O.07	0	0.109	0.127	0	0.223	0.101	0.174	0.202	0.429	0.184	0.192	0.001	0.029	0.018	0.286	0.165	0.078	0.134	0.2	0.23	0.217	0	0.085	0.215	0.698
TCGA.MR.A520.01A.11R.A266.07	0.05	0.084	0.164	0.001	0.182	0.005	0.035	0.212	0.442	0.246	0.188	0.025	0	0	0.353	0.164	0.048	0.19	0.219	0.269	0.192	0.047	0.097	0.191	0.723
TCGA.MR.A8JO.01A.12R.A36F.07	0.044	0.142	0.179	0.024	0.207	0.073	0.228	0.226	0.358	0.09	0.339	0.1	0	0.051	0.383	0.158	0.08	0.178	0.232	0.319	0.105	0.037	0.177	0.206	0.768
TCGA.NI.A4U2.01A.11R.A28V.07	0.031	0.043	0.009	0	0.272	0.097	0.176	0.126	0.397	0.233	0.077	0	0.001	0.005	0.227	0.224	0.07	0.236	0.247	0.163	0.228	0.018	0.124	0.053	0.709
TCGA.NI.A8LF.01A.11R.A36F.07	0.011	0.085	0.196	0	0.247	0.088	0.202	0.124	0.314	0.202	0.238	0.051	0	0	0.323	0.104	0.078	0.176	0.131	0.149	0.2	0.025	0.148	0.183	0.617
TCGA.O8.A75V.01A.11R.A32O.07	0.027	0.104	0.172	0.015	0.228	0.071	0.161	0.24	0.354	0.144	0.296	0.049	0	0.035	0.302	0.208	0.107	0.179	0.307	0.256	0.156	0.024	0.13	0.218	0.824
TCGA.PD.A5DF.01A.11R.A27V.07	0.007	0.131	0.15	0.024	0.266	0.058	0.105	0.215	0.261	0.204	0.114	0.035	0	0.086	0.284	0.291	0.1	0.26	0.337	0.088	0.171	0	0.1	0.108	0.768
TCGA.QA.A7B7.01A.11R.A32O.07	0	0.14	0.139	0.05	0.233	0.135	0.182	0.236	0.338	0.202	0.196	0.069	0.01	0	0.233	0.127	0.153	0.116	0.022	0.134	0.181	0.015	0.148	0.246	0.594
TCGA.RC.A6M3.01A.11R.A32O.07	0.044	0.095	0.161	0.021	0.119	0.164	0.212	0.26	0.321	0.134	0.268	0.006	0.004	0.012	0.268	0.186	0.058	0.222	0.157	0.236	0.14	0.083	0.123	0.151	0.671
TCGA.RC.A6M4.01A.11R.A32O.07	0.065	0.023	0	0	0.296	0.104	0.141	0.07	0.179	0.262	0.08	0	0.006	0.081	0.009	0.145	0.088	0.211	0.19	0.168	0.26	0.009	0.048	0.036	0.604
TCGA.RC.A6M5.01A.11R.A32O.07	0.065	0.121	0.037	0.018	0.169	0.081	0.154	0.097	0.387	0.181	0.258	0.022	0	0.063	0.361	0.107	0.066	0.215	0.172	0.246	0.177	0.036	0.165	0.165	0.693
TCGA.RC.A6M6.01A.11R.A32O.07	0	0.14	0.105	0.06	0.261	0.088	0.243	0.202	0.227	0.111	0.151	0	0.002	0.075	0.178	0.215	0.094	0.205	0.174	0.139	0.204	0	0.102	0.229	0.718
TCGA.RC.A7S9.01A.11R.A33R.07	0.025	0.119	0.149	0.082	0.218	0.1	0.141	0.272	0.313	0.123	0.296	0.042	0	0.054	0.279	0.165	0.086	0.163	0.158	0.192	0.163	0.047	0.143	0.206	0.672
TCGA.RC.A7SB.01A.21R.A352.07	0	0.144	0.144	0	0.226	0.085	0.152	0.176	0.427	0.206	0.165	0	0	0.067	0.242	0.185	0.085	0.169	0.211	0.205	0.217	0.029	0.073	0.186	0.702
TCGA.RC.A7SF.01A.11R.A352.07	0	0.045	0.187	0.043	0.213	0.113	0.203	0.235	0.336	0.174	0.291	0.024	0	0	0.298	0.147	0.079	0.181	0.146	0.214	0.169	0.059	0.147	0.209	0.68
TCGA.RC.A7SH.01A.11R.A38B.07	0.033	0.099	0	0	0.133	0.111	0.175	0.096	0.258	0.232	0.094	0	0	0.102	0.204	0.071	0.092	0.16	0.069	0.077	0.228	0.07	0.145	0.147	0.521
TCGA.RC.A7SK.01A.11R.A352.07	0.033	0.18	0.073	0	0.158	0.128	0.206	0.169	0.273	0.163	0.117	0	0	0	0.302	0.066	0.127	0.183	0.125	0.152	0.197	0.016	0.076	0.135	0.559
TCGA.RG.A7D4.01A.12R.A33R.07	0	0.058	0.182	0.142	0.233	0.137	0.177	0.33	0.211	0.14	0.369	0.096	0.008	0	0.222	0.128	0.149	0.087	0.151	0.216	0.119	0.076	0.131	0.325	0.688
TCGA.T1.A6J8.01A.11R.A32O.07	0.013	0.133	0.087	0	0.214	0.099	0.116	0.185	0.463	0.161	0.15	0.006	0	0.051	0.309	0.17	0.071	0.207	0.231	0.232	0.183	0	0.123	0.152	0.722
TCGA.UB.A7MA.01A.11R.A33R.07	0.029	0.154	0.059	0.02	0.161	0.108	0.158	0.189	0.389	0.181	0.234	0	0	0.121	0.285	0.116	0.125	0.124	0.101	0.156	0.205	0	0.106	0.181	0.587
TCGA.UB.A7MB.01A.11R.A33R.07	0	0.108	0.09	0	0.22	0.039	0.117	0.112	0.402	0.236	0.035	0	0	0.013	0.265	0.084	0.111	0.171	0.149	0.163	0.271	0.084	0.034	0.145	0.594
TCGA.UB.A7MC.01A.11R.A33R.07	0.019	0.13	0.013	0.027	0.156	0.077	0.134	0.116	0.062	0.23	0.095	0.079	0	0.065	0.261	0.184	0.115	0.164	0.162	0	0.26	0.011	0.071	0.082	0.547
TCGA.UB.A7MD.01A.12R.A352.07	0.003	0.101	0.118	0.007	0.223	0.084	0.209	0.16	0.358	0.183	0.285	0.095	0	0.072	0.316	0.241	0.054	0.165	0.281	0.215	0.19	0.001	0.114	0.137	0.736
TCGA.UB.A7ME.01A.11R.A33J.07	0.059	0.118	0.14	0.06	0.208	0.097	0.196	0.279	0.36	0.121	0.359	0.083	0	0.089	0.25	0.162	0.116	0.069	0.138	0.276	0.099	0.006	0.199	0.263	0.697
TCGA.UB.A7MF.01A.11R.A33J.07	0	0.032	0.218	0.103	0.214	0.079	0.153	0.32	0.311	0.098	0.333	0.081	0	0.046	0.264	0.196	0.129	0.158	0.294	0.29	0.138	0.089	0.128	0.257	0.839
TCGA.UB.AA0U.01A.11R.A38B.07	0.061	0.146	0.09	0.008	0.221	0.076	0.236	0.17	0.403	0.133	0.26	0.087	0	0.023	0.311	0.228	0.08	0.174	0.287	0.2	0.147	0.014	0.138	0.148	0.739
TCGA.UB.AA0V.01A.11R.A38B.07	0.093	0.111	0.126	0.034	0.161	0.068	0.177	0.172	0.401	0.197	0.297	0.039	0	0.023	0.298	0.17	0.035	0.207	0.262	0.249	0.173	0	0.156	0.159	0.744
TCGA.WJ.A86L.01A.12R.A39D.07	0	0.097	0.088	0	0.26	0.104	0.178	0.145	0.44	0.254	0.144	0	0	0	0.249	0.107	0.145	0.184	0.091	0.262	0.219	0.053	0.074	0.167	0.659
TCGA.WQ.A9G7.01A.11R.A37K.07	0.085	0.159	0.052	0.071	0.185	0.072	0.071	0.044	0.391	0.154	0.112	0	0	0.019	0.231	0.12	0.089	0.23	0.218	0.256	0.199	0	0.108	0.133	0.713
TCGA.WQ.AB4B.01A.11R.A41C.07	0	0.124	0.064	0.021	0.239	0.075	0.113	0.132	0.396	0.182	0.223	0	0	0.106	0.345	0.225	0.074	0.21	0.252	0.238	0.174	0.016	0.15	0.097	0.749
TCGA.WX.AA44.01A.11R.A39D.07	0.083	0.102	0.13	0.033	0.223	0.064	0.096	0.176	0.446	0.146	0.256	0.029	0	0	0.304	0.17	0.1	0.153	0.214	0.257	0.17	0	0.173	0.184	0.749
TCGA.WX.AA46.01A.11R.A39D.07	0.053	0.091	0.071	0.069	0.032	0.097	0.181	0.153	0.304	0.236	0.217	0	0	0.034	0.276	0.17	0	0.224	0.317	0.212	0.248	0.021	0.066	0.154	0.734
TCGA.WX.AA47.01A.11R.A39D.07	0.019	0.113	0.044	0	0.036	0.029	0.012	0.018	0.265	0.261	0.047	0.005	0	0.05	0.267	0	0.185	0.188	0.058	0.18	0.252	0.073	0.008	0.091	0.507
TCGA.XR.A8TC.01A.11R.A36F.07	0.051	0.066	0	0	0.266	0.093	0.189	0.151	0.266	0.205	0.222	0.075	0	0.021	0.224	0.181	0.063	0.191	0.136	0.08	0.211	0	0.171	0.108	0.601
TCGA.XR.A8TD.01A.12R.A39D.07	0	0.044	0.236	0.122	0.203	0.122	0.216	0.282	0.355	0.105	0.307	0.089	0	0.091	0.279	0.244	0.057	0.163	0.273	0.278	0.111	0.057	0.114	0.256	0.789
TCGA.XR.A8TE.01A.11R.A36F.07	0.013	0.091	0.117	0.015	0.196	0.114	0.205	0.268	0.25	0.234	0.27	0.124	0	0.022	0.233	0.095	0.043	0.219	0.103	0.111	0.199	0.019	0.153	0.146	0.564
TCGA.XR.A8TF.01A.11R.A36F.07	0	0.08	0.137	0.064	0.193	0.116	0.216	0.133	0.431	0.212	0.106	0.019	0	0	0.199	0.126	0.047	0.174	0.17	0.204	0.225	0.072	0.081	0.176	0.635
TCGA.XR.A8TG.01A.11R.A36F.07	0.031	0.11	0.046	0	0.25	0.12	0.245	0.146	0.385	0.205	0.257	0.055	0	0.025	0.195	0.194	0.05	0.143	0.233	0.163	0.191	0	0.125	0.076	0.619
TCGA.YA.A8S7.01A.11R.A37K.07	0.008	0.032	0.112	0.068	0.171	0.149	0.191	0.206	0.291	0.198	0.107	0	0	0.145	0.256	0.253	0.102	0.181	0.427	0.223	0.179	0.032	0.087	0.153	0.847
TCGA.ZP.A9CV.01A.11R.A38B.07	0.044	0.098	0.122	0.021	0.191	0.11	0.239	0.204	0.317	0.169	0.347	0.089	0	0	0.385	0.184	0.06	0.162	0.256	0.221	0.143	0.01	0.108	0.177	0.691
TCGA.ZP.A9CY.01A.11R.A38B.07	0.042	0.091	0.142	0.008	0.236	0.019	0.094	0.197	0.416	0.195	0.198	0.059	0	0.006	0.277	0.217	0.07	0.225	0.34	0.276	0.181	0.026	0.142	0.137	0.836
TCGA.ZP.A9CZ.01A.11R.A38B.07	0.042	0.037	0.184	0.1	0.232	0.122	0.197	0.267	0.3	0.111	0.307	0.1	0	0.011	0.238	0.211	0.125	0.155	0.289	0.219	0.129	0.038	0.136	0.226	0.785
TCGA.ZP.A9D0.01A.11R.A37K.07	0.034	0.111	0.067	0.04	0.194	0.122	0.207	0.091	0.338	0.213	0.093	0.046	0	0	0.257	0.169	0.082	0.201	0.179	0.212	0.236	0	0.112	0.053	0.656
TCGA.ZP.A9D1.01A.11R.A38B.07	0.018	0.103	0.129	0	0.198	0.073	0.25	0.208	0.405	0.171	0.324	0.12	0	0.042	0.346	0.142	0.052	0.133	0.163	0.253	0.144	0	0.18	0.174	0.655
TCGA.ZP.A9D2.01A.11R.A38B.07	0.064	0.103	0.03	0	0.17	0.131	0.225	0.173	0.448	0.175	0.095	0.081	0	0.069	0.282	0.16	0.124	0.135	0.218	0.203	0.168	0	0.126	0.152	0.679
TCGA.ZP.A9D4.01A.11R.A37K.07	0	0.084	0.086	0.012	0.261	0.123	0.231	0.094	0.328	0.244	0.031	0	0	0.015	0.258	0.162	0.072	0.203	0.223	0.162	0.26	0.02	0.088	0.114	0.677
TCGA.ZS.A9CD.01A.11R.A37K.07	0.018	0.081	0.095	0.015	0.216	0.076	0.154	0.195	0.403	0.195	0.236	0.042	0	0.094	0.343	0.165	0.029	0.192	0.217	0.212	0.199	0	0.146	0.142	0.686
TCGA.ZS.A9CE.01A.11R.A37K.07	0.012	0.13	0.022	0.033	0.255	0.037	0.063	0.033	0.329	0.233	0	0	0	0	0.272	0.123	0.106	0.194	0.158	0.198	0.257	0	0.119	0.117	0.67
TCGA.ZS.A9CF.01A.11R.A38B.07	0.028	0.1	0.14	0	0.237	0.111	0.201	0.178	0.323	0.207	0.318	0.098	0	0	0.268	0.208	0.08	0.103	0.179	0.144	0.147	0.034	0.17	0.175	0.636
TCGA.ZS.A9CF.02A.11R.A38B.07	0.014	0.128	0.147	0	0.247	0.134	0.222	0.19	0.281	0.215	0.242	0.11	0	0	0.238	0.2	0.056	0.076	0.131	0.106	0.173	0.049	0.198	0.183	0.593
TCGA.ZS.A9CG.01A.11R.A37K.07	0.026	0.097	0.151	0.016	0.247	0.07	0.136	0.144	0.285	0.268	0.184	0.091	0	0.018	0.247	0.156	0.024	0.17	0.163	0.12	0.252	0.027	0.118	0.167	0.617
