CD4_naive	CD8_naive	Tc	Tex	Tr1	nTreg	iTreg	Th1	Th2	Th17	Tfh	Tcm	Tem	NKT	MAIT	DC	B_cell	Monocyte	Macrophage	NK	Neutrophil	Tgd	CD4_T	CD8_T	InfiltrationScore
TCGA.2F.A9KO.01A.11R.A38B.07	0	0.018	0.506	0.144	0.166	0.155	0.317	0.282	0.374	0.053	0.359	0.094	0.054	0.006	0.058	0.194	0.079	0.145	0.274	0.328	0.094	0.11	0.159	0.251	0.717
TCGA.2F.A9KP.01A.11R.A38B.07	0.058	0.08	0.114	0.004	0.067	0.154	0.161	0.059	0.16	0.186	0.087	0.067	0	0.041	0.142	0.116	0.117	0.121	0.15	0.113	0.241	0.032	0.124	0.112	0.516
TCGA.2F.A9KQ.01A.11R.A38B.07	0.046	0.128	0.171	0.007	0.132	0.133	0.094	0.014	0.202	0.186	0.009	0.019	0	0.054	0.175	0.229	0.077	0.167	0.222	0.057	0.237	0.006	0.118	0.156	0.594
TCGA.2F.A9KR.01A.11R.A38B.07	0	0.01	0.364	0.061	0.05	0.118	0.202	0.127	0.304	0.176	0.182	0	0.053	0.086	0.188	0.051	0.083	0.168	0.108	0.228	0.214	0.125	0.126	0.168	0.539
TCGA.2F.A9KT.01A.11R.A38B.07	0.058	0.078	0.328	0.103	0.123	0.154	0.12	0	0.224	0.087	0	0.015	0	0.063	0.114	0.115	0.066	0.201	0.279	0.188	0.279	0	0.152	0.103	0.651
TCGA.2F.A9KW.01A.11R.A38B.07	0.032	0.101	0.322	0.07	0.199	0.154	0.197	0.121	0.238	0.08	0.049	0.031	0.015	0.032	0.136	0.247	0.138	0.179	0.378	0.043	0.192	0.05	0.117	0.089	0.651
TCGA.4Z.AA7M.01A.11R.A39I.07	0.034	0.088	0.259	0.07	0.095	0.197	0.217	0.052	0.212	0.095	0.004	0.033	0.036	0.032	0.126	0.13	0.089	0.2	0.22	0.106	0.221	0.05	0.192	0.144	0.613
TCGA.4Z.AA7N.01A.11R.A39I.07	0	0.034	0.436	0.11	0.232	0.142	0.341	0.187	0.353	0.088	0.442	0.12	0	0.059	0.094	0.115	0.286	0	0.149	0.332	0.028	0.045	0.267	0.257	0.675
TCGA.4Z.AA7O.01A.31R.A39I.07	0	0.048	0.422	0.122	0.128	0.145	0.258	0.215	0.32	0.078	0.322	0.129	0.051	0.024	0.091	0.174	0.091	0.127	0.186	0.194	0.13	0.088	0.148	0.251	0.612
TCGA.4Z.AA7Q.01A.11R.A39I.07	0	0	0.514	0.151	0.132	0.153	0.281	0.283	0.334	0.125	0.36	0.031	0.054	0.033	0.112	0.207	0.12	0.116	0.281	0.344	0.101	0.1	0.155	0.309	0.769
TCGA.4Z.AA7R.01A.11R.A39I.07	0	0.102	0.162	0.043	0.202	0.174	0.196	0.088	0.118	0.119	0.054	0.023	0.01	0.002	0.189	0.168	0.124	0.189	0.231	0.068	0.229	0	0.142	0.076	0.577
TCGA.4Z.AA7S.01A.11R.A39I.07	0.057	0.067	0.098	0	0.13	0.103	0.043	0.051	0.228	0.216	0.155	0.075	0	0.016	0.088	0.133	0.141	0.144	0.118	0.004	0.244	0.024	0.153	0.169	0.52
TCGA.4Z.AA7W.01A.11R.A39I.07	0	0	0.583	0.209	0.113	0.111	0.209	0.339	0.395	0.068	0.4	0	0.022	0.093	0.068	0.232	0.104	0.118	0.351	0.364	0.093	0.116	0.131	0.318	0.805
TCGA.4Z.AA7Y.01A.11R.A39I.07	0.028	0.068	0.174	0	0.11	0.091	0.052	0.06	0.131	0.212	0	0.033	0	0.062	0.165	0.312	0.093	0.178	0.161	0.093	0.2	0.009	0.096	0.108	0.584
TCGA.4Z.AA80.01A.11R.A39I.07	0	0.087	0.348	0.042	0.13	0.144	0.204	0.162	0.239	0.138	0.182	0.057	0.075	0	0.08	0.134	0.115	0.116	0.118	0.121	0.198	0.111	0.114	0.191	0.521
TCGA.4Z.AA81.01A.11R.A39I.07	0	0	0.496	0.184	0.061	0.205	0.221	0.354	0.367	0.007	0.249	0.062	0.14	0	0.072	0.209	0.084	0.14	0.212	0.321	0.142	0.051	0.077	0.273	0.686
TCGA.4Z.AA82.01A.11R.A39I.07	0.037	0.028	0.266	0.096	0.077	0.135	0.214	0.174	0.205	0.101	0.063	0.03	0.027	0.152	0.149	0.333	0.08	0.197	0.286	0.058	0.202	0.019	0.097	0.045	0.611
TCGA.4Z.AA83.01A.11R.A39I.07	0	0.077	0.362	0.066	0.128	0.252	0.26	0.094	0.188	0.133	0.165	0	0.048	0.134	0.177	0.208	0.039	0.173	0.205	0.138	0.178	0.061	0.136	0.154	0.579
TCGA.4Z.AA84.01A.11R.A39I.07	0	0.023	0.233	0.08	0.086	0.194	0.241	0.099	0.132	0.134	0.086	0	0.082	0.1	0.15	0.176	0.111	0.138	0.299	0.17	0.182	0.029	0.105	0.136	0.62
TCGA.4Z.AA86.01A.11R.A39I.07	0	0.032	0.519	0.152	0.149	0.163	0.326	0.318	0.346	0.095	0.209	0.043	0.034	0.159	0.1	0.292	0.033	0.184	0.361	0.338	0.113	0	0.138	0.233	0.796
TCGA.4Z.AA87.01A.11R.A39I.07	0	0.004	0.418	0.13	0.126	0.138	0.214	0.294	0.298	0.049	0.235	0.052	0.068	0	0.066	0.208	0.093	0.167	0.376	0.23	0.179	0.16	0.124	0.264	0.772
TCGA.4Z.AA89.01A.11R.A39I.07	0.025	0.062	0.267	0.06	0.063	0.167	0.148	0.091	0.267	0.157	0.098	0	0.059	0	0.14	0.076	0.092	0.152	0.146	0.064	0.178	0.099	0.132	0.234	0.506
TCGA.5N.A9KI.01A.31R.A42T.07	0	0.012	0.312	0.1	0.127	0.077	0.148	0.092	0.435	0.234	0.045	0.008	0.065	0.171	0.137	0.207	0.099	0.171	0.35	0.206	0.162	0.063	0.133	0.177	0.708
TCGA.5N.A9KM.01A.11R.A42T.07	0	0	0.457	0.099	0.121	0.155	0.16	0.185	0.421	0.213	0.213	0.041	0.037	0.019	0.051	0.157	0.12	0.095	0.339	0.359	0.15	0.088	0.147	0.183	0.729
TCGA.BL.A0C8.01A.11R.A10U.07	0.069	0.015	0.177	0	0.181	0.074	0.104	0.029	0.139	0.167	0	0.052	0.034	0.064	0	0.217	0.118	0.178	0.339	0.133	0.235	0.062	0.125	0.027	0.646
TCGA.BL.A13I.01A.11R.A13Y.07	0	0.063	0.46	0.054	0.183	0.158	0.327	0.202	0.408	0.035	0.29	0.001	0.006	0.114	0.224	0.249	0.062	0.163	0.504	0.288	0.143	0.009	0.156	0.213	0.837
TCGA.BL.A13J.01A.11R.A10U.07	0.005	0.074	0.304	0.08	0.105	0.2	0.258	0.134	0.25	0.187	0.084	0.056	0.033	0.04	0.166	0.154	0.061	0.162	0.224	0.22	0.165	0.026	0.144	0.185	0.619
TCGA.BL.A13J.11A.13R.A10U.07	0.047	0	0.113	0.051	0.05	0	0	0	0.273	0.154	0.045	0.072	0	0.184	0.036	0.176	0.03	0.231	0.332	0.234	0.269	0.04	0.157	0	0.672
TCGA.BL.A3JM.01A.12R.A21D.07	0	0.076	0.381	0.164	0.114	0.177	0.285	0.203	0.409	0.101	0.066	0	0.085	0	0.072	0.153	0.084	0.134	0.321	0.218	0.167	0.03	0.071	0.233	0.65
TCGA.BL.A5ZZ.01A.31R.A30C.07	0	0.059	0.459	0.099	0.17	0.119	0.297	0.127	0.412	0.108	0.101	0	0	0.213	0.188	0.274	0	0.194	0.392	0.356	0.136	0.042	0.127	0.171	0.776
TCGA.BT.A0S7.01A.11R.A10U.07	0.044	0.046	0.301	0.089	0.181	0.083	0.146	0.075	0.3	0.097	0.235	0.121	0	0	0.166	0.16	0.103	0.159	0.248	0.064	0.165	0.056	0.14	0.246	0.605
TCGA.BT.A0YX.01A.11R.A10U.07	0	0.025	0.463	0.137	0.153	0.136	0.304	0.273	0.388	0.092	0.222	0.061	0.031	0.017	0.168	0.2	0.08	0.172	0.338	0.289	0.152	0.031	0.072	0.214	0.714
TCGA.BT.A20J.01A.11R.A14Y.07	0	0.018	0.509	0.168	0.148	0.112	0.307	0.279	0.451	0.106	0.236	0.045	0.035	0.053	0.117	0.219	0.12	0.144	0.364	0.377	0.109	0.012	0.139	0.223	0.797
TCGA.BT.A20N.01A.11R.A14Y.07	0	0.064	0.339	0.084	0.134	0.158	0.134	0.099	0.247	0.118	0	0.057	0.053	0	0.156	0.18	0.073	0.173	0.26	0.091	0.208	0.021	0.069	0.155	0.569
TCGA.BT.A20N.11A.11R.A14Y.07	0	0.034	0.28	0.078	0.158	0.069	0.132	0.07	0.412	0.125	0.198	0.022	0	0.196	0.136	0.242	0.133	0.162	0.341	0.239	0.191	0.028	0.194	0.105	0.757
TCGA.BT.A20O.01A.21R.A14Y.07	0	0	0.497	0.199	0.17	0.13	0.356	0.312	0.368	0	0.298	0.099	0.006	0.02	0.102	0.182	0.095	0.131	0.432	0.343	0.085	0.133	0.153	0.272	0.798
TCGA.BT.A20P.01A.11R.A14Y.07	0.031	0.163	0.212	0.068	0.126	0.113	0.061	0	0.102	0.161	0.065	0.007	0	0	0.097	0.105	0.121	0.209	0.187	0.151	0.225	0.07	0.141	0.13	0.597
TCGA.BT.A20Q.01A.11R.A14Y.07	0	0.04	0.418	0.14	0.151	0.162	0.261	0.264	0.412	0.119	0.268	0.07	0.072	0.052	0.1	0.246	0.077	0.129	0.295	0.298	0.097	0.035	0.187	0.183	0.712
TCGA.BT.A20Q.11A.11R.A14Y.07	0.002	0.043	0.234	0.018	0	0	0	0.108	0.244	0.122	0.12	0.014	0	0.221	0.078	0.183	0.097	0.195	0.285	0.257	0.204	0.047	0.138	0.067	0.672
TCGA.BT.A20R.01A.12R.A16R.07	0	0.102	0.419	0.121	0.131	0.063	0.092	0.006	0.392	0.201	0	0.028	0.001	0.044	0.118	0.257	0.069	0.217	0.387	0.252	0.136	0.094	0.094	0.191	0.754
TCGA.BT.A20R.11A.11R.A16R.07	0	0.033	0.293	0.068	0.012	0.057	0.077	0.094	0.365	0.196	0.155	0	0	0.197	0.162	0.191	0.016	0.173	0.302	0.223	0.205	0.055	0.138	0.104	0.637
TCGA.BT.A20T.01A.11R.A14Y.07	0	0.1	0.422	0.134	0.162	0.138	0.285	0.223	0.391	0.089	0.231	0.003	0.05	0.022	0.13	0.198	0.046	0.157	0.244	0.252	0.127	0.066	0.082	0.26	0.644
TCGA.BT.A20U.01A.11R.A14Y.07	0	0.049	0.388	0.081	0.15	0.161	0.23	0.171	0.386	0.212	0.019	0.002	0.04	0.1	0.157	0.251	0.057	0.207	0.294	0.184	0.183	0	0.061	0.151	0.653
TCGA.BT.A20U.11A.11R.A14Y.07	0	0.02	0.488	0.056	0.119	0.083	0.164	0.145	0.43	0.122	0.368	0.061	0.045	0.132	0.232	0.069	0.186	0.015	0.074	0.407	0.088	0.079	0.19	0.255	0.605
TCGA.BT.A20V.01A.11R.A14Y.07	0	0	0.446	0.158	0.099	0.162	0.227	0.322	0.413	0.088	0.113	0	0.119	0.085	0.037	0.169	0.079	0.191	0.277	0.263	0.191	0.036	0.128	0.181	0.696
TCGA.BT.A20W.01A.21R.A14Y.07	0	0.1	0.384	0.082	0.176	0.143	0.281	0.183	0.39	0.119	0.32	0.1	0.033	0	0.165	0.138	0.11	0.084	0.129	0.329	0.115	0.093	0.19	0.218	0.618
TCGA.BT.A20W.11A.11R.A14Y.07	0	0.074	0.463	0.067	0.179	0.15	0.296	0.132	0.409	0.095	0.397	0.095	0	0.072	0.144	0.13	0.095	0.053	0.217	0.372	0.084	0.105	0.202	0.264	0.667
TCGA.BT.A20X.01A.11R.A16R.07	0	0.026	0.434	0.116	0.151	0.144	0.241	0.207	0.361	0.105	0.121	0.056	0.077	0.04	0.187	0.196	0.063	0.182	0.289	0.197	0.16	0.001	0.1	0.185	0.646
TCGA.BT.A2LA.01A.11R.A18C.07	0	0.175	0.343	0.051	0.214	0.101	0.166	0.062	0.124	0.057	0	0	0	0	0.16	0.074	0.121	0.107	0.176	0.191	0.214	0.068	0.094	0.18	0.544
TCGA.BT.A2LA.11A.11R.A18C.07	0	0.027	0.494	0.084	0.114	0.105	0.141	0.189	0.426	0.149	0.417	0.045	0.029	0.078	0.16	0.108	0.048	0.019	0.21	0.384	0.109	0.106	0.199	0.234	0.617
TCGA.BT.A2LB.01A.11R.A18C.07	0	0.024	0.415	0.043	0.153	0.144	0.229	0.124	0.393	0.134	0.229	0.074	0.028	0.153	0.121	0.199	0.057	0.15	0.309	0.245	0.156	0.078	0.154	0.201	0.692
TCGA.BT.A2LB.11A.11R.A18C.07	0	0.006	0.491	0.092	0.17	0.139	0.203	0.163	0.412	0.118	0.405	0.089	0	0.096	0.2	0.081	0.161	0.054	0.2	0.381	0.113	0.057	0.204	0.192	0.652
TCGA.BT.A2LD.01A.12R.A20F.07	0.04	0.056	0.365	0.114	0.171	0.101	0.086	0.088	0.412	0.122	0.211	0.06	0.027	0.087	0.026	0.171	0.091	0.119	0.255	0.164	0.193	0.095	0.165	0.227	0.652
TCGA.BT.A3PH.01A.11R.A220.07	0.021	0.156	0.28	0.065	0.059	0.134	0.09	0.056	0.16	0.168	0.11	0.008	0.019	0	0.146	0.2	0.069	0.184	0.23	0.128	0.26	0.068	0.031	0.146	0.588
TCGA.BT.A3PJ.01A.21R.A220.07	0	0.004	0.459	0.107	0.162	0.235	0.309	0.257	0.259	0.136	0.043	0	0.073	0.143	0.103	0.24	0.04	0.183	0.303	0.263	0.192	0.028	0.085	0.185	0.701
TCGA.BT.A3PK.01A.21R.A220.07	0	0.059	0.412	0.145	0.158	0.155	0.292	0.212	0.241	0.157	0.13	0	0.053	0.133	0.15	0.221	0.055	0.198	0.321	0.212	0.18	0.013	0.146	0.131	0.69
TCGA.BT.A42C.01A.11R.A23N.07	0.006	0.098	0.218	0.043	0.095	0.203	0.227	0.076	0.245	0.218	0.012	0.018	0.047	0	0.197	0.138	0.109	0.08	0.1	0.165	0.22	0	0.159	0.203	0.552
TCGA.BT.A42E.01A.11R.A23W.07	0	0	0.505	0.104	0.143	0.165	0.302	0.334	0.409	0.029	0.299	0.022	0.037	0.086	0.176	0.213	0.05	0.131	0.348	0.318	0.119	0.049	0.138	0.252	0.739
TCGA.BT.A42F.01A.11R.A23W.07	0	0	0.573	0.152	0.14	0.141	0.219	0.328	0.302	0.171	0.348	0.021	0.048	0.061	0.11	0.253	0.113	0.137	0.413	0.371	0.13	0.028	0.119	0.232	0.832
TCGA.C4.A0EZ.01A.21R.A24X.07	0.018	0.131	0.365	0.076	0.224	0.089	0.094	0.106	0.243	0.014	0	0	0.072	0.098	0.107	0.19	0.142	0.135	0.15	0.019	0.223	0.038	0.174	0.183	0.573
TCGA.C4.A0F0.01A.12R.A10U.07	0	0	0.474	0.117	0.178	0.169	0.21	0.306	0.308	0.057	0	0.054	0.045	0.144	0.174	0.352	0.045	0.164	0.354	0.216	0.189	0.035	0.036	0.161	0.714
TCGA.C4.A0F1.01A.11R.A034.07	0.003	0	0.399	0.085	0.142	0.154	0.275	0.123	0.32	0.211	0.066	0.073	0.027	0.021	0.205	0.216	0.039	0.225	0.251	0.214	0.206	0	0.083	0.145	0.649
TCGA.C4.A0F6.01A.11R.A10U.07	0	0.056	0.372	0.11	0.161	0.17	0.22	0.118	0.342	0.131	0.121	0.039	0.053	0.012	0.112	0.17	0.074	0.154	0.266	0.16	0.18	0.099	0.066	0.196	0.596
TCGA.C4.A0F7.01A.11R.A084.07	0	0.064	0.237	0.083	0.124	0.14	0.244	0.104	0.168	0.137	0.036	0.01	0.015	0.042	0.197	0.228	0.05	0.146	0.227	0.112	0.204	0	0.164	0.148	0.603
TCGA.CF.A1HR.01A.11R.A13Y.07	0	0.018	0.434	0.046	0.166	0.133	0.18	0.15	0.334	0.18	0.187	0.028	0.07	0.139	0.079	0.178	0.118	0.112	0.195	0.262	0.184	0.09	0.128	0.228	0.661
TCGA.CF.A1HS.01A.11R.A13Y.07	0	0.011	0.411	0.072	0.18	0.144	0.293	0.12	0.287	0.153	0.017	0.049	0.027	0.073	0.154	0.317	0.078	0.221	0.355	0.101	0.203	0.016	0.11	0.136	0.716
TCGA.CF.A27C.01A.11R.A16R.07	0.028	0.114	0.33	0	0.068	0.146	0.111	0.061	0.227	0.139	0.114	0.027	0.041	0.009	0.158	0.071	0.091	0.049	0.015	0.077	0.227	0.123	0.164	0.22	0.43
TCGA.CF.A3MF.01A.12R.A21D.07	0.066	0.138	0.249	0.017	0.044	0.202	0.151	0	0.198	0.11	0	0	0.019	0.147	0.218	0.13	0.104	0.091	0.086	0.187	0.24	0.088	0.182	0.151	0.552
TCGA.CF.A3MG.01A.11R.A20F.07	0.056	0.076	0.054	0	0.044	0.15	0.106	0.01	0	0.253	0.063	0.058	0	0.023	0.022	0.203	0.104	0.098	0.105	0.056	0.292	0	0.091	0.164	0.523
TCGA.CF.A3MH.01A.11R.A20F.07	0.039	0.099	0.127	0.025	0.06	0.144	0.105	0.087	0.078	0.192	0.065	0.03	0	0.081	0.139	0.189	0.135	0.093	0.116	0.035	0.23	0.007	0.143	0.204	0.539
TCGA.CF.A3MI.01A.11R.A20F.07	0.029	0.091	0.348	0.11	0.144	0.155	0.148	0.071	0.368	0.036	0.114	0	0.083	0.086	0.107	0.147	0.087	0.111	0.183	0.233	0.205	0.087	0.13	0.187	0.604
TCGA.CF.A47S.01A.11R.A23W.07	0	0.057	0.334	0.034	0.079	0.131	0.132	0.135	0.335	0.165	0.185	0	0.089	0.121	0.187	0.175	0.055	0.118	0.123	0.11	0.198	0.1	0.178	0.203	0.546
TCGA.CF.A47T.01A.11R.A23W.07	0.055	0.132	0.184	0	0.077	0.172	0.142	0.075	0.151	0.065	0.025	0	0.013	0.034	0.094	0.197	0.11	0.153	0.106	0.182	0.215	0.016	0.114	0.161	0.583
TCGA.CF.A47V.01A.11R.A23W.07	0	0.074	0.374	0.049	0.12	0.126	0.233	0.085	0.253	0.122	0.144	0	0.034	0.138	0.191	0.088	0.076	0.17	0.081	0.157	0.186	0.091	0.22	0.197	0.553
TCGA.CF.A47W.01A.11R.A23W.07	0.037	0.077	0.352	0	0.118	0.099	0.071	0.03	0.326	0.101	0.009	0	0.025	0.019	0.155	0.067	0.109	0.142	0.119	0.206	0.212	0.075	0.155	0.226	0.582
TCGA.CF.A47X.01A.31R.A23W.07	0.03	0.11	0.183	0.042	0.138	0.202	0.193	0.077	0.157	0.095	0.06	0.02	0.047	0.098	0.128	0.24	0.101	0.136	0.109	0.034	0.214	0.041	0.153	0.193	0.556
TCGA.CF.A47Y.01A.11R.A23W.07	0.007	0.045	0.275	0.024	0.036	0.119	0.135	0	0.387	0.174	0.07	0	0.052	0.103	0.194	0	0.066	0.138	0.076	0.127	0.22	0.1	0.193	0.195	0.477
TCGA.CF.A5U8.01A.11R.A28M.07	0	0.067	0.279	0	0.08	0.09	0.068	0.042	0.276	0.163	0.137	0.022	0.032	0.052	0.173	0.059	0.117	0.098	0.063	0.054	0.219	0.097	0.175	0.217	0.472
TCGA.CF.A5UA.01A.11R.A28M.07	0	0.106	0.356	0.049	0.205	0.079	0.106	0.128	0.258	0.056	0.111	0	0.056	0.054	0.173	0.189	0.082	0.166	0.19	0.108	0.193	0.097	0.09	0.222	0.584
TCGA.CF.A7I0.01A.22R.A352.07	0	0.083	0.391	0.019	0.115	0.135	0.149	0.113	0.375	0.142	0.271	0.025	0.045	0.144	0.192	0.045	0.041	0.103	0.096	0.287	0.173	0.145	0.163	0.261	0.55
TCGA.CF.A8HX.01A.11R.A36F.07	0.05	0.08	0.075	0.042	0.121	0.162	0.09	0.032	0.204	0.161	0.095	0	0.017	0.149	0.113	0.185	0.078	0.209	0.168	0.123	0.212	0.037	0.152	0.152	0.603
TCGA.CF.A8HY.01A.11R.A36F.07	0.036	0.107	0.325	0.044	0.057	0.081	0.047	0.026	0.339	0.104	0.078	0	0.008	0.107	0.172	0.192	0.074	0.154	0.129	0.095	0.25	0.058	0.121	0.206	0.575
TCGA.CF.A9FF.01A.11R.A38B.07	0	0.116	0.382	0.043	0.156	0.126	0.154	0.108	0.336	0.142	0.328	0.069	0.032	0.126	0.207	0.059	0.196	0.073	0	0.277	0.129	0.097	0.183	0.246	0.548
TCGA.CF.A9FH.01A.11R.A38B.07	0.061	0.106	0.202	0.005	0.164	0.076	0.009	0.115	0.045	0.184	0.027	0.007	0	0.041	0.151	0.176	0.093	0.133	0.123	0.067	0.228	0.048	0.199	0.131	0.541
TCGA.CF.A9FL.01A.11R.A38B.07	0	0.003	0.339	0.062	0.162	0.188	0.245	0.124	0.328	0.106	0.096	0.019	0.08	0.105	0.116	0.214	0.071	0.171	0.252	0.196	0.142	0.04	0.203	0.185	0.675
TCGA.CF.A9FM.01A.11R.A38B.07	0.03	0.041	0.381	0.048	0.18	0.134	0.098	0.138	0.27	0.17	0.163	0.023	0.076	0.066	0.135	0.157	0.036	0.15	0.187	0.097	0.191	0.075	0.177	0.151	0.539
TCGA.CU.A0YN.01A.21R.A10U.07	0	0.092	0.472	0.047	0.221	0.156	0.285	0.161	0.355	0.147	0.145	0.1	0.025	0.104	0.1	0.234	0.07	0.172	0.243	0.25	0.162	0.016	0.128	0.195	0.684
TCGA.CU.A0YN.11A.11R.A10U.07	0.01	0.104	0.234	0.025	0.207	0.014	0.07	0.089	0.303	0.132	0.033	0.011	0	0.195	0.145	0.199	0.146	0.232	0.332	0.164	0.162	0.009	0.178	0.076	0.701
TCGA.CU.A0YO.01A.11R.A10U.07	0	0.025	0.411	0.055	0.168	0.142	0.279	0.13	0.369	0.148	0.337	0.082	0.013	0.147	0.121	0.187	0.06	0.064	0.207	0.28	0.134	0.066	0.209	0.183	0.624
TCGA.CU.A0YR.01A.12R.A10U.07	0	0.098	0.48	0.127	0.146	0.146	0.291	0.247	0.248	0.089	0.145	0.048	0.014	0.083	0.149	0.384	0.076	0.156	0.409	0.224	0.177	0.032	0.072	0.162	0.781
TCGA.CU.A0YR.11A.13R.A10U.07	0	0.017	0.402	0.087	0.146	0.118	0.176	0.075	0.437	0.123	0.376	0.101	0	0.143	0.146	0.058	0.189	0.064	0.132	0.342	0.086	0.124	0.241	0.214	0.624
TCGA.CU.A3KJ.01A.11R.A21D.07	0	0.007	0.443	0.095	0.14	0.146	0.299	0.179	0.225	0.111	0.179	0.033	0.049	0.03	0.144	0.207	0.062	0.214	0.296	0.123	0.193	0.035	0.115	0.134	0.632
TCGA.CU.A3QU.01A.11R.A22U.07	0.001	0.037	0.155	0	0.105	0.145	0.115	0.019	0.117	0.313	0	0.025	0	0.006	0.139	0.187	0.126	0.145	0.198	0.056	0.292	0.016	0.04	0.084	0.531
TCGA.CU.A3YL.01A.11R.A22U.07	0	0.079	0.345	0.043	0.052	0.169	0.197	0.114	0.369	0.132	0.199	0	0.053	0.1	0.219	0.113	0.073	0.115	0.116	0.231	0.185	0.135	0.152	0.22	0.568
TCGA.CU.A5W6.01A.11R.A28M.07	0.027	0.097	0.356	0.054	0.117	0.155	0.224	0.115	0.225	0.184	0.075	0	0.021	0.073	0.194	0.182	0.077	0.184	0.247	0.217	0.193	0.064	0.111	0.165	0.647
TCGA.CU.A72E.01A.12R.A33J.07	0	0.046	0.351	0.085	0.149	0.169	0.227	0.063	0.279	0.179	0.065	0	0.067	0.106	0.167	0.189	0.075	0.206	0.312	0.223	0.187	0.013	0.125	0.117	0.675
TCGA.DK.A1A3.01A.11R.A13Y.07	0	0.054	0.416	0.119	0.159	0.149	0.256	0.201	0.314	0.145	0.263	0.074	0	0.051	0.068	0.241	0.116	0.127	0.326	0.184	0.133	0.066	0.086	0.256	0.691
TCGA.DK.A1A5.01A.11R.A13Y.07	0	0.084	0.419	0.118	0.142	0.131	0.243	0.229	0.372	0.16	0.051	0.008	0.028	0.08	0.139	0.284	0.028	0.16	0.282	0.234	0.154	0.024	0.096	0.181	0.668
TCGA.DK.A1A6.01A.11R.A13Y.07	0	0.034	0.448	0.171	0.146	0.189	0.291	0.283	0.281	0.081	0.209	0.07	0.037	0	0.039	0.301	0.076	0.167	0.367	0.224	0.148	0.085	0.028	0.258	0.738
TCGA.DK.A1A7.01A.11R.A13Y.07	0	0.078	0.341	0.064	0.154	0.094	0.172	0.12	0.449	0.111	0.31	0.068	0.041	0.039	0.149	0.089	0.195	0.088	0.079	0.254	0.15	0.076	0.172	0.224	0.588
TCGA.DK.A1AA.01A.11R.A13Y.07	0	0.041	0.317	0.032	0.114	0.187	0.188	0.081	0.242	0.177	0.076	0.065	0.064	0.024	0.14	0.211	0.055	0.191	0.193	0.155	0.181	0.041	0.154	0.139	0.602
TCGA.DK.A1AB.01A.11R.A13Y.07	0	0.067	0.405	0.123	0.151	0.144	0.287	0.205	0.393	0.122	0.16	0.072	0.036	0.093	0.145	0.238	0.065	0.174	0.324	0.217	0.115	0.042	0.125	0.158	0.667
TCGA.DK.A1AC.01A.11R.A13Y.07	0	0.07	0.444	0.129	0.181	0.159	0.283	0.247	0.299	0.124	0.262	0.085	0.057	0	0.087	0.117	0.093	0.151	0.358	0.227	0.128	0.064	0.09	0.261	0.671
TCGA.DK.A1AD.01A.11R.A13Y.07	0	0.103	0.356	0.104	0.169	0.154	0.22	0.133	0.385	0.144	0.131	0.042	0.06	0.058	0.044	0.19	0.083	0.105	0.226	0.239	0.12	0.124	0.154	0.237	0.637
TCGA.DK.A1AE.01A.11R.A13Y.07	0	0.02	0.413	0.097	0.137	0.193	0.27	0.163	0.453	0.05	0.11	0	0.092	0.025	0.134	0.095	0.065	0.147	0.16	0.275	0.175	0.085	0.087	0.215	0.573
TCGA.DK.A1AF.01A.11R.A13Y.07	0	0.028	0.491	0.1	0.177	0.126	0.273	0.195	0.386	0.101	0.332	0.088	0	0.099	0.16	0.212	0.055	0.163	0.334	0.373	0.119	0.063	0.182	0.217	0.778
TCGA.DK.A1AG.01A.11R.A13Y.07	0	0.027	0.366	0.066	0.066	0.144	0.189	0.164	0.362	0.159	0.255	0.035	0.094	0.023	0.16	0.075	0.054	0.16	0.145	0.226	0.206	0.089	0.205	0.191	0.595
TCGA.DK.A2HX.01A.12R.A18C.07	0	0.081	0.343	0.03	0.172	0.126	0.206	0.081	0.415	0.213	0.132	0.033	0.026	0.161	0.113	0.2	0.101	0.186	0.319	0.173	0.137	0.025	0.156	0.162	0.675
TCGA.DK.A2I1.01A.11R.A180.07	0	0.07	0.372	0.147	0.164	0.129	0.204	0.196	0.332	0.091	0.239	0.039	0.054	0.126	0.17	0.228	0.105	0.16	0.358	0.244	0.123	0.048	0.146	0.231	0.751
TCGA.DK.A2I2.01A.11R.A180.07	0	0.056	0.385	0.108	0.15	0.14	0.201	0.215	0.319	0.119	0.032	0	0.054	0.188	0.205	0.3	0.031	0.204	0.417	0.202	0.196	0	0.087	0.163	0.753
TCGA.DK.A2I4.01A.11R.A21D.07	0	0	0.553	0.175	0.157	0.115	0.363	0.282	0.362	0.071	0.311	0.079	0.01	0.056	0.15	0.24	0.089	0.166	0.417	0.341	0.074	0.046	0.126	0.259	0.806
TCGA.DK.A2I6.01A.12R.A18C.07	0.034	0.054	0.307	0.091	0.105	0.158	0.161	0.157	0.312	0.076	0	0.037	0.104	0.031	0.136	0.205	0.059	0.165	0.268	0.215	0.21	0.004	0.104	0.079	0.614
TCGA.DK.A3IK.01A.32R.A21D.07	0	0.081	0.377	0.067	0.129	0.115	0.169	0.139	0.395	0.147	0.181	0.047	0.059	0.116	0.102	0.106	0.137	0.14	0.09	0.268	0.146	0.076	0.187	0.216	0.608
TCGA.DK.A3IL.01A.11R.A20F.07	0.024	0.091	0.219	0.028	0.133	0.114	0.12	0.105	0.363	0.099	0.174	0.084	0.04	0.145	0.086	0.07	0.212	0.086	0.087	0.131	0.158	0.066	0.195	0.226	0.548
TCGA.DK.A3IM.01A.11R.A20F.07	0.001	0.04	0.318	0.065	0.1	0.138	0.15	0.041	0.111	0.198	0	0.037	0.006	0.071	0.187	0.27	0.061	0.153	0.196	0.061	0.256	0.005	0.108	0.169	0.599
TCGA.DK.A3IN.01A.11R.A20F.07	0	0.064	0.369	0.132	0.188	0.188	0.328	0.228	0.248	0.058	0.053	0.022	0.087	0.213	0.069	0.221	0.061	0.164	0.409	0.124	0.133	0.035	0.101	0.157	0.645
TCGA.DK.A3IQ.01A.31R.A32Y.07	0.06	0.14	0.342	0.044	0.224	0.108	0.148	0.032	0.299	0.141	0	0.001	0	0.162	0.132	0.204	0.048	0.219	0.317	0.116	0.147	0.003	0.175	0.111	0.63
TCGA.DK.A3IS.01A.21R.A21D.07	0	0.066	0.3	0.082	0.019	0.157	0.168	0.145	0.288	0.123	0.106	0	0.051	0.075	0.157	0.103	0.122	0.149	0.138	0.082	0.229	0.109	0.028	0.227	0.507
TCGA.DK.A3IT.01A.31R.A20F.07	0	0.065	0.343	0.052	0.176	0.13	0.215	0.186	0.329	0.106	0.216	0.11	0.044	0.152	0.098	0.163	0.142	0.141	0.289	0.161	0.131	0.029	0.205	0.188	0.668
TCGA.DK.A3IU.01A.11R.A20F.07	0	0	0.522	0.183	0.16	0.078	0.28	0.274	0.382	0.044	0.344	0.094	0	0.165	0.064	0.148	0.204	0.091	0.345	0.341	0.074	0.098	0.181	0.251	0.769
TCGA.DK.A3IV.01A.22R.A21D.07	0	0.036	0.408	0.078	0.207	0.179	0.344	0.253	0.299	0.162	0.325	0.118	0.075	0	0.017	0.149	0.19	0.046	0.167	0.21	0.109	0.065	0.19	0.297	0.639
TCGA.DK.A3WW.01A.22R.A23N.07	0	0	0.575	0.149	0.125	0.107	0.322	0.341	0.411	0.098	0.266	0.048	0.033	0.048	0.083	0.291	0.043	0.174	0.335	0.395	0.115	0.078	0.083	0.292	0.813
TCGA.DK.A3WX.01A.22R.A22U.07	0	0	0.496	0.133	0.142	0.151	0.311	0.309	0.301	0.172	0.097	0.002	0.05	0.128	0.161	0.12	0.059	0.168	0.274	0.322	0.269	0.016	0.101	0.166	0.695
TCGA.DK.A3WY.01A.11R.A22U.07	0	0	0.457	0.196	0.182	0.172	0.275	0.26	0.361	0	0.362	0.101	0	0.115	0.067	0.136	0.419	0.005	0.202	0.31	0	0.04	0.236	0.289	0.751
TCGA.DK.A3X1.01A.12R.A22U.07	0	0.071	0.335	0.112	0.13	0.152	0.196	0.106	0.326	0.117	0.06	0.036	0.048	0.017	0.191	0.213	0.058	0.186	0.211	0.226	0.131	0.128	0.12	0.239	0.651
TCGA.DK.A3X2.01A.11R.A22U.07	0.086	0.158	0.292	0.024	0.205	0.101	0.066	0.1	0.014	0.112	0	0.012	0	0	0.09	0.267	0.132	0.199	0.274	0.054	0.259	0	0.019	0.192	0.657
TCGA.DK.A6AV.01A.12R.A30C.07	0	0.063	0.384	0.082	0.168	0.182	0.186	0.153	0.305	0.023	0.313	0.059	0.058	0.057	0.181	0.184	0.128	0.128	0.187	0.165	0.167	0.045	0.16	0.263	0.65
TCGA.DK.A6AW.01A.11R.A30C.07	0	0.01	0.372	0.115	0.113	0.155	0.159	0.163	0.331	0.045	0.141	0	0.081	0.009	0.179	0.119	0.094	0.149	0.18	0.198	0.202	0.104	0.085	0.132	0.545
TCGA.DK.A6B0.01A.11R.A31N.07	0.038	0.061	0.358	0.015	0.103	0.101	0.062	0	0.216	0.136	0.018	0	0.03	0.03	0.092	0.165	0.058	0.214	0.213	0.086	0.211	0.065	0.133	0.173	0.59
TCGA.DK.A6B1.01A.12R.A30C.07	0	0.137	0.227	0.004	0.139	0.148	0.167	0.089	0.199	0.261	0.121	0.044	0.055	0.018	0.206	0.184	0.061	0.106	0.141	0.12	0.203	0	0.12	0.171	0.521
TCGA.DK.A6B2.01A.11R.A30C.07	0	0.065	0.426	0.09	0.193	0.137	0.269	0.177	0.33	0.092	0.299	0.095	0.039	0.033	0.14	0.225	0.079	0.158	0.358	0.258	0.128	0.045	0.168	0.246	0.762
TCGA.DK.A6B5.01A.11R.A31N.07	0	0.004	0.392	0.157	0.129	0.176	0.203	0.163	0.287	0.149	0.228	0	0.047	0.049	0.137	0.252	0.072	0.237	0.273	0.296	0.162	0.037	0.114	0.149	0.731
TCGA.DK.A6B6.01A.11R.A30C.07	0	0.001	0.47	0.142	0.182	0.146	0.255	0.267	0.298	0.157	0.215	0.04	0.136	0	0.056	0.173	0.114	0.122	0.189	0.282	0.106	0.13	0.149	0.262	0.657
TCGA.DK.AA6L.01A.11R.A39I.07	0	0.02	0.403	0.069	0.101	0.162	0.206	0.161	0.251	0.183	0.178	0	0.064	0.145	0.094	0.261	0.033	0.223	0.34	0.187	0.198	0.071	0.098	0.145	0.698
TCGA.DK.AA6M.01A.11R.A39I.07	0	0	0.449	0.139	0.145	0.146	0.199	0.257	0.407	0.065	0.187	0	0.09	0.129	0.155	0.246	0.089	0.15	0.401	0.341	0.133	0.038	0.158	0.188	0.803
TCGA.DK.AA6P.01A.11R.A39I.07	0.027	0.08	0.18	0.037	0.115	0.194	0.264	0.095	0.069	0.151	0.127	0	0	0	0.155	0.123	0.103	0.179	0.141	0.313	0.25	0.011	0.124	0.174	0.662
TCGA.DK.AA6Q.01A.11R.A39I.07	0	0	0.471	0.173	0.062	0.113	0.174	0.319	0.453	0.052	0.329	0.009	0.056	0.032	0.192	0.156	0.078	0.093	0.245	0.37	0.118	0.114	0.123	0.26	0.68
TCGA.DK.AA6R.01A.11R.A42T.07	0	0.021	0.456	0.128	0.11	0.181	0.261	0.276	0.318	0.158	0	0	0.063	0.057	0.177	0.228	0.042	0.119	0.178	0.265	0.18	0.036	0.066	0.147	0.576
TCGA.DK.AA6S.01A.21R.A39I.07	0	0.048	0.486	0.14	0.14	0.158	0.289	0.273	0.42	0.119	0.199	0.034	0.049	0.104	0.084	0.192	0.007	0.196	0.291	0.294	0.133	0.039	0.181	0.191	0.7
TCGA.DK.AA6T.01A.11R.A39I.07	0	0.005	0.395	0.159	0.201	0.217	0.229	0.319	0.422	0	0.155	0	0.036	0.109	0	0.147	0.489	0.014	0.181	0.253	0.051	0.087	0.136	0.278	0.729
TCGA.DK.AA6U.01A.11R.A39I.07	0	0.026	0.284	0.108	0.048	0.2	0.226	0.135	0.204	0.239	0.049	0	0.081	0.01	0.131	0.133	0.089	0.177	0.137	0.206	0.244	0.072	0.136	0.177	0.611
TCGA.DK.AA6W.01A.12R.A39I.07	0.012	0.129	0.341	0.036	0.201	0.145	0.278	0.214	0.366	0.056	0.102	0	0.045	0.081	0.127	0.233	0.117	0.135	0.317	0.18	0.188	0	0.133	0.189	0.702
TCGA.DK.AA6X.01A.12R.A42T.07	0	0.054	0.31	0.058	0.174	0.195	0.294	0.145	0.342	0.2	0.208	0.087	0.055	0.052	0.107	0.222	0.128	0.134	0.269	0.224	0.147	0.017	0.208	0.188	0.715
TCGA.DK.AA71.01A.31R.A39I.07	0	0.058	0.316	0.088	0.034	0.19	0.216	0.231	0.288	0.133	0.088	0	0.095	0	0.161	0.203	0.069	0.154	0.217	0.142	0.19	0.078	0.08	0.218	0.599
TCGA.DK.AA74.01A.11R.A39I.07	0	0	0.484	0.168	0.14	0.103	0.208	0.286	0.383	0.062	0.321	0	0.019	0.128	0.206	0.263	0.079	0.166	0.458	0.418	0.067	0.064	0.168	0.244	0.877
TCGA.DK.AA75.01A.11R.A39I.07	0	0.118	0.211	0.033	0.05	0.108	0.087	0.106	0.205	0.202	0.082	0.018	0.009	0	0.197	0.033	0.11	0.11	0.04	0.236	0.25	0.064	0.16	0.246	0.558
TCGA.DK.AA76.01A.11R.A39I.07	0.068	0.085	0.058	0	0.075	0.098	0.095	0.095	0.114	0.14	0	0.027	0	0.015	0.042	0.205	0.092	0.144	0.176	0.018	0.263	0	0.105	0.186	0.56
TCGA.DK.AA77.01A.11R.A39I.07	0	0.045	0.399	0.128	0.129	0.185	0.231	0.27	0.341	0.06	0.184	0.03	0.093	0	0.161	0.171	0.084	0.126	0.229	0.163	0.157	0.062	0.075	0.222	0.578
TCGA.E5.A2PC.01A.11R.A206.07	0	0	0.387	0.146	0.085	0.17	0.233	0.313	0.303	0.069	0.117	0.024	0.114	0.028	0.127	0.152	0.118	0.2	0.227	0.257	0.175	0.026	0.096	0.19	0.665
TCGA.E5.A4TZ.01A.11R.A31N.07	0	0.019	0.341	0.103	0.179	0.161	0.164	0.131	0.143	0.17	0.057	0	0.043	0.011	0.094	0.271	0.153	0.174	0.299	0.074	0.203	0.014	0.118	0.186	0.695
TCGA.E5.A4U1.01A.11R.A31N.07	0.048	0.04	0.216	0.03	0.082	0.168	0.168	0.155	0.241	0.053	0.095	0	0.059	0.056	0.055	0.141	0.138	0.124	0.071	0.296	0.219	0.113	0.209	0.093	0.608
TCGA.E7.A3X6.01A.12R.A22U.07	0	0	0.437	0.18	0.108	0.136	0.247	0.326	0.28	0.154	0.223	0.05	0.087	0.034	0.126	0.18	0.092	0.128	0.264	0.276	0.155	0.03	0.12	0.2	0.666
TCGA.E7.A3Y1.01A.11R.A22U.07	0.017	0.061	0.371	0.033	0.061	0.159	0.189	0.146	0.298	0.086	0.24	0	0.093	0.102	0.165	0.045	0.094	0.133	0.111	0.183	0.187	0.06	0.193	0.233	0.555
TCGA.E7.A4IJ.01A.31R.A26T.07	0	0	0.434	0.135	0.072	0.148	0.188	0.259	0.334	0.204	0.261	0	0.096	0	0.117	0.09	0.083	0.118	0.136	0.3	0.137	0.163	0.148	0.302	0.618
TCGA.E7.A4XJ.01A.11R.A26T.07	0.064	0.099	0.167	0.07	0.045	0.145	0.153	0.083	0.055	0.079	0.088	0.023	0	0.115	0.127	0.188	0.072	0.165	0.082	0.156	0.238	0.015	0.171	0.138	0.57
TCGA.E7.A519.01A.11R.A26T.07	0	0	0.441	0.095	0.161	0.079	0.147	0.093	0.409	0.054	0.374	0.026	0.045	0.125	0.163	0.129	0.097	0.157	0.178	0.322	0.131	0.131	0.221	0.269	0.708
TCGA.E7.A541.01A.11R.A26T.07	0	0	0.493	0.161	0.132	0.111	0.24	0.294	0.352	0.043	0.285	0.058	0.084	0.02	0.058	0.16	0.098	0.131	0.289	0.29	0.125	0.134	0.156	0.249	0.705
TCGA.E7.A5KE.01A.11R.A28M.07	0.07	0.056	0	0	0	0.097	0.098	0.071	0.072	0.234	0.008	0.035	0.017	0.069	0	0.209	0.103	0.114	0.112	0.058	0.305	0.007	0.15	0.054	0.52
TCGA.E7.A5KF.01A.11R.A28M.07	0.072	0	0.023	0	0.155	0.148	0.091	0.088	0.12	0.11	0.118	0.054	0.008	0.022	0.016	0.154	0.112	0.062	0.08	0.038	0.232	0.014	0.159	0.137	0.459
TCGA.E7.A677.01A.11R.A30C.07	0	0.075	0.307	0.09	0.104	0.238	0.286	0.194	0.212	0.131	0.079	0	0.067	0.1	0.154	0.159	0.054	0.182	0.123	0.134	0.16	0.092	0.173	0.218	0.566
TCGA.E7.A678.01A.11R.A30C.07	0.006	0.029	0.356	0.034	0.092	0.177	0.192	0.202	0.335	0.053	0.356	0	0.123	0.015	0.147	0.05	0.105	0.08	0.102	0.235	0.141	0.089	0.174	0.244	0.532
TCGA.E7.A6MD.01A.41R.A352.07	0.002	0.061	0.376	0.056	0.177	0.145	0.261	0.111	0.373	0.143	0.404	0.117	0.026	0.044	0.107	0.127	0.15	0.144	0.179	0.235	0.091	0.069	0.218	0.288	0.674
TCGA.E7.A6ME.01A.22R.A32O.07	0	0.023	0.354	0.118	0.096	0.171	0.209	0.218	0.4	0.163	0.204	0.006	0.134	0.003	0.116	0.07	0.119	0.067	0.16	0.266	0.146	0.13	0.129	0.301	0.593
TCGA.E7.A6MF.01A.12R.A32O.07	0.039	0	0.292	0.009	0	0.169	0.185	0.122	0.193	0.188	0.2	0.006	0.02	0.148	0.129	0.065	0.054	0.129	0.128	0.157	0.227	0.133	0.218	0.131	0.522
TCGA.E7.A7DU.01A.11R.A32O.07	0.005	0.066	0.304	0.013	0.158	0.163	0.188	0.067	0.228	0.091	0.174	0	0.043	0.013	0.184	0.159	0.072	0.136	0.126	0.071	0.205	0.08	0.177	0.243	0.56
TCGA.E7.A7DV.01A.11R.A33J.07	0	0	0.427	0.139	0.211	0.15	0.229	0.236	0.283	0.025	0.01	0	0.072	0.14	0.135	0.281	0.086	0.262	0.591	0.19	0.162	0.04	0.041	0.12	0.815
TCGA.E7.A7PW.01A.11R.A352.07	0	0.02	0.312	0.096	0.092	0.182	0.186	0.107	0.322	0.169	0.181	0	0.087	0.033	0.159	0.102	0.091	0.109	0.12	0.212	0.194	0.126	0.173	0.235	0.582
TCGA.E7.A7XN.01A.11R.A352.07	0	0	0.557	0.204	0.11	0.196	0.312	0.355	0.39	0.016	0.275	0	0.056	0.059	0.102	0.242	0.077	0.148	0.32	0.324	0.136	0.073	0.025	0.303	0.741
TCGA.E7.A85H.01A.11R.A352.07	0	0.052	0.394	0.137	0.132	0.169	0.281	0.293	0.219	0.055	0.221	0	0.106	0	0.199	0.233	0.07	0.151	0.306	0.257	0.133	0.09	0.071	0.269	0.701
TCGA.E7.A8O7.01A.11R.A36F.07	0	0.015	0.362	0.057	0.184	0.17	0.306	0.102	0.277	0.15	0.161	0.019	0.092	0.105	0.154	0.162	0.083	0.145	0.177	0.098	0.185	0.093	0.164	0.194	0.568
TCGA.E7.A8O8.01A.11R.A36F.07	0	0.085	0.339	0.051	0.161	0.166	0.194	0.122	0.382	0.006	0.234	0.001	0.098	0.028	0.159	0.207	0.063	0.143	0.163	0.162	0.182	0.101	0.128	0.224	0.599
TCGA.E7.A97P.01A.11R.A38B.07	0	0	0.54	0.192	0.096	0.168	0.257	0.353	0.419	0.074	0.223	0.018	0.074	0.068	0.127	0.188	0.039	0.115	0.283	0.401	0.085	0.075	0.092	0.268	0.692
TCGA.E7.A97Q.01A.11R.A38B.07	0	0.08	0.346	0.057	0.098	0.134	0.224	0.122	0.323	0.134	0.203	0.003	0.053	0.082	0.167	0.133	0.109	0.155	0.264	0.193	0.148	0.066	0.188	0.206	0.657
TCGA.FD.A3B3.01A.12R.A206.07	0	0.007	0.542	0.157	0.16	0.107	0.284	0.282	0.35	0.103	0.329	0.066	0.03	0.134	0.078	0.206	0.086	0.138	0.331	0.347	0.107	0.059	0.162	0.236	0.759
TCGA.FD.A3B4.01A.12R.A206.07	0	0.035	0.469	0.16	0.168	0.118	0.24	0.256	0.38	0.049	0.243	0.063	0.044	0.197	0.132	0.169	0.175	0.096	0.22	0.339	0.127	0.025	0.171	0.197	0.703
TCGA.FD.A3B5.01A.11R.A20F.07	0	0	0.315	0.1	0.171	0.115	0.14	0.089	0.128	0.211	0.049	0.009	0	0.106	0.193	0.211	0.068	0.195	0.252	0.18	0.225	0	0.093	0.179	0.661
TCGA.FD.A3B6.01A.21R.A20F.07	0	0	0.509	0.167	0.119	0.134	0.233	0.32	0.359	0.095	0.206	0.027	0.085	0.082	0.09	0.209	0.094	0.194	0.396	0.26	0.159	0.067	0.126	0.215	0.778
TCGA.FD.A3B7.01A.31R.A20F.07	0	0.014	0.483	0.17	0.192	0.156	0.282	0.304	0.329	0.09	0.229	0.08	0.044	0.069	0.1	0.234	0.078	0.147	0.385	0.326	0.103	0.089	0.135	0.242	0.777
TCGA.FD.A3B8.01A.31R.A20F.07	0	0.001	0.491	0.148	0.166	0.105	0.333	0.273	0.364	0.071	0.286	0.072	0	0.197	0.113	0.207	0.13	0.146	0.395	0.356	0.091	0.047	0.196	0.206	0.813
TCGA.FD.A3N5.01A.11R.A21D.07	0	0.019	0.424	0.152	0.079	0.172	0.27	0.268	0.184	0.215	0.018	0	0.038	0.102	0.15	0.277	0.033	0.128	0.206	0.201	0.197	0.032	0.042	0.157	0.585
TCGA.FD.A3N6.01A.11R.A21D.07	0	0.005	0.457	0.161	0.086	0.182	0.303	0.343	0.237	0.15	0.103	0	0.054	0	0.18	0.213	0.054	0.148	0.192	0.275	0.167	0	0	0.242	0.607
TCGA.FD.A3NA.01A.11R.A21D.07	0	0.05	0.433	0.147	0.15	0.165	0.279	0.228	0.352	0.092	0.101	0.014	0.083	0.019	0.136	0.243	0.078	0.182	0.314	0.303	0.119	0.044	0.108	0.169	0.714
TCGA.FD.A3SJ.01A.12R.A22U.07	0	0.086	0.288	0.084	0.178	0.087	0.136	0.117	0.383	0.107	0.115	0.005	0.013	0.188	0.125	0.174	0.137	0.168	0.279	0.152	0.15	0.056	0.191	0.168	0.668
TCGA.FD.A3SL.01A.21R.A22U.07	0	0.091	0.334	0.071	0.124	0.096	0.211	0.085	0.397	0.169	0.135	0	0.022	0.194	0.143	0.214	0.095	0.148	0.35	0.2	0.134	0.068	0.147	0.184	0.693
TCGA.FD.A3SM.01A.11R.A22U.07	0.026	0.08	0.313	0.045	0.188	0.08	0.124	0.057	0.332	0.228	0.031	0.068	0.015	0.08	0.149	0.167	0.068	0.238	0.281	0	0.201	0.037	0.091	0.198	0.585
TCGA.FD.A3SN.01A.12R.A22U.07	0	0.053	0.426	0.157	0.069	0.139	0.154	0.217	0.329	0.053	0.056	0	0.121	0.1	0.13	0.232	0.053	0.171	0.31	0.279	0.179	0.074	0.072	0.195	0.702
TCGA.FD.A3SO.01A.11R.A22U.07	0	0.019	0.386	0.109	0.159	0.19	0.263	0.221	0.258	0.158	0.106	0.02	0.066	0.086	0.169	0.198	0.09	0.218	0.423	0.174	0.193	0	0.109	0.108	0.712
TCGA.FD.A3SP.01A.31R.A22U.07	0	0.029	0.424	0.123	0.146	0.15	0.317	0.213	0.411	0.108	0.173	0.015	0.03	0.176	0.099	0.24	0.056	0.216	0.418	0.259	0.137	0.035	0.157	0.171	0.779
TCGA.FD.A3SQ.01A.21R.A22U.07	0	0.094	0.348	0.11	0.183	0.088	0.221	0.089	0.376	0.21	0.181	0.033	0.026	0.146	0.082	0.235	0.124	0.192	0.305	0.255	0.11	0.036	0.187	0.143	0.73
TCGA.FD.A3SR.01A.11R.A22U.07	0	0.053	0.401	0.062	0.194	0.114	0.272	0.16	0.343	0.119	0.231	0.116	0.036	0.11	0.047	0.175	0.117	0.126	0.307	0.269	0.138	0.085	0.194	0.242	0.739
TCGA.FD.A3SS.01A.12R.A22U.07	0.025	0.07	0.218	0.097	0.105	0.156	0.203	0.039	0.19	0.166	0.034	0.01	0.03	0.03	0.105	0.156	0.096	0.173	0.221	0.271	0.182	0.047	0.1	0.175	0.647
TCGA.FD.A43N.01A.11R.A23W.07	0	0.084	0.387	0.097	0.186	0.126	0.186	0.089	0.32	0.101	0.246	0.081	0.025	0.011	0.158	0.177	0.078	0.158	0.254	0.258	0.157	0.067	0.181	0.201	0.69
TCGA.FD.A43P.01A.31R.A23W.07	0	0.048	0.513	0.148	0.165	0.157	0.273	0.259	0.38	0.116	0.365	0.114	0.026	0	0.119	0.113	0.125	0.095	0.259	0.326	0.058	0.103	0.161	0.303	0.678
TCGA.FD.A43S.01A.21R.A23W.07	0	0.033	0.496	0.121	0.154	0.088	0.191	0.173	0.39	0.087	0.423	0.037	0	0.105	0.148	0.109	0.219	0.085	0.278	0.42	0.024	0.111	0.245	0.289	0.786
TCGA.FD.A43U.01A.11R.A23W.07	0	0	0.524	0.131	0.157	0.077	0.178	0.197	0.378	0.064	0.357	0.064	0.014	0.064	0.199	0.274	0.069	0.203	0.451	0.354	0.1	0.094	0.215	0.245	0.899
TCGA.FD.A43X.01A.11R.A23W.07	0.03	0.118	0.26	0	0.058	0.114	0.012	0.023	0.181	0.14	0.102	0	0.006	0.005	0.168	0.101	0.081	0.149	0.172	0.126	0.256	0.057	0.162	0.136	0.557
TCGA.FD.A43Y.01A.21R.A26T.07	0	0.033	0.409	0.098	0.158	0.156	0.276	0.142	0.341	0.107	0.008	0	0.096	0.111	0.127	0.28	0.051	0.223	0.355	0.203	0.154	0.041	0.096	0.206	0.738
TCGA.FD.A5BR.01A.11R.A26T.07	0.012	0.044	0.339	0.054	0.195	0.143	0.271	0.094	0.373	0.119	0.39	0.116	0.022	0.11	0.124	0.159	0.158	0.09	0.22	0.299	0.088	0.064	0.214	0.213	0.678
TCGA.FD.A5BS.01A.21R.A26T.07	0	0	0.579	0.2	0.168	0.103	0.268	0.268	0.331	0.072	0.352	0.03	0.006	0.113	0.122	0.245	0.158	0.122	0.395	0.409	0.048	0.101	0.156	0.305	0.865
TCGA.FD.A5BT.01A.11R.A26T.07	0	0	0.531	0.172	0.141	0.124	0.193	0.287	0.395	0.018	0.399	0	0.016	0.116	0.091	0.235	0.102	0.158	0.463	0.418	0.069	0.123	0.158	0.309	0.9
TCGA.FD.A5BU.01A.31R.A26T.07	0	0.037	0.411	0.117	0.147	0.161	0.259	0.21	0.376	0.121	0.079	0.024	0.074	0.175	0.13	0.21	0.118	0.122	0.32	0.346	0.122	0.009	0.144	0.16	0.725
TCGA.FD.A5BV.01A.11R.A26T.07	0.018	0.1	0.322	0.06	0.212	0.135	0.201	0.101	0.146	0.097	0.129	0.059	0.005	0.045	0.135	0.113	0.096	0.164	0.143	0.137	0.168	0.01	0.185	0.12	0.53
TCGA.FD.A5BX.01A.11R.A26T.07	0	0.019	0.45	0.147	0.17	0.084	0.185	0.183	0.396	0.017	0.037	0	0.043	0.16	0.167	0.214	0.111	0.269	0.434	0.318	0.122	0.075	0.119	0.194	0.838
TCGA.FD.A5BY.01A.31R.A28M.07	0	0	0.356	0.111	0.099	0.134	0.204	0.134	0.471	0.097	0.083	0.05	0.096	0.122	0.116	0.234	0.045	0.136	0.299	0.28	0.146	0.066	0.127	0.176	0.679
TCGA.FD.A5BZ.01A.11R.A28M.07	0.043	0.088	0.298	0.108	0.215	0.115	0.167	0.098	0.373	0.14	0.054	0.021	0.011	0.155	0.095	0.219	0.098	0.19	0.282	0.221	0.137	0	0.156	0.148	0.683
TCGA.FD.A5C0.01A.11R.A28M.07	0	0.076	0.313	0.054	0.162	0.122	0.208	0.091	0.33	0.214	0.158	0.049	0.027	0.097	0.14	0.176	0.082	0.127	0.273	0.198	0.173	0.029	0.129	0.223	0.65
TCGA.FD.A5C1.01A.11R.A28M.07	0	0	0.494	0.176	0.134	0.125	0.183	0.313	0.347	0.117	0.228	0	0.063	0.132	0.109	0.274	0.064	0.161	0.396	0.29	0.114	0.111	0.104	0.241	0.774
TCGA.FD.A62N.01A.11R.A30C.07	0	0	0.551	0.178	0.146	0.144	0.236	0.296	0.316	0.052	0.332	0.038	0.01	0.149	0.145	0.29	0.117	0.121	0.41	0.359	0.053	0.103	0.172	0.3	0.857
TCGA.FD.A62O.01A.11R.A30C.07	0.036	0.122	0.258	0.084	0.103	0.099	0.115	0.086	0.155	0.176	0.052	0.058	0.013	0.073	0.109	0.184	0.082	0.128	0.174	0.136	0.249	0.075	0.128	0.147	0.578
TCGA.FD.A62P.01A.32R.A30C.07	0	0.014	0.452	0.171	0.143	0.141	0.247	0.268	0.304	0.088	0.199	0.002	0.058	0.113	0.088	0.228	0.051	0.179	0.368	0.304	0.171	0.054	0.103	0.24	0.773
TCGA.FD.A62S.01A.11R.A30C.07	0	0.061	0.372	0.054	0.21	0.137	0.329	0.153	0.356	0.086	0.233	0.078	0.008	0.195	0.095	0.24	0.1	0.172	0.389	0.153	0.106	0.014	0.177	0.158	0.704
TCGA.FD.A6TA.01A.12R.A33J.07	0	0.024	0.414	0.129	0.207	0.156	0.288	0.161	0.327	0.129	0.282	0.112	0.014	0.062	0.071	0.175	0.137	0.15	0.327	0.222	0.101	0.052	0.165	0.24	0.715
TCGA.FD.A6TB.01A.12R.A33J.07	0	0.03	0.488	0.149	0.165	0.098	0.273	0.258	0.395	0.085	0.373	0.073	0.013	0.117	0.05	0.121	0.207	0.123	0.288	0.375	0.069	0.086	0.193	0.24	0.76
TCGA.FD.A6TC.01A.21R.A33J.07	0.071	0.146	0.275	0.079	0.166	0.118	0.174	0.04	0.186	0.172	0.026	0.053	0	0.104	0.086	0.258	0.067	0.18	0.314	0.027	0.195	0.037	0.11	0.121	0.598
TCGA.FD.A6TD.01A.51R.A33J.07	0	0.029	0.445	0.118	0.137	0.112	0.275	0.282	0.293	0.094	0.197	0.018	0.062	0.186	0.175	0.237	0.077	0.164	0.372	0.302	0.105	0.092	0.135	0.201	0.75
TCGA.FD.A6TE.01A.12R.A33J.07	0	0.045	0.36	0.092	0.101	0.161	0.203	0.207	0.316	0.228	0.304	0	0.116	0.022	0.142	0.069	0.094	0.078	0.126	0.204	0.144	0.105	0.09	0.24	0.493
TCGA.FD.A6TF.01A.52R.A32O.07	0	0	0.335	0.077	0.148	0.104	0.148	0.102	0.409	0.194	0.128	0.006	0.03	0.191	0.193	0.191	0.082	0.192	0.324	0.198	0.117	0.068	0.172	0.189	0.689
TCGA.FD.A6TG.01A.11R.A32O.07	0	0.079	0.42	0.057	0.184	0.113	0.21	0.139	0.402	0.112	0.177	0.06	0	0.155	0.135	0.194	0.118	0.215	0.355	0.234	0.151	0.043	0.151	0.209	0.766
TCGA.FD.A6TH.01A.11R.A32O.07	0	0.064	0.335	0.075	0.136	0.147	0.254	0.094	0.353	0.103	0.196	0.026	0.056	0.077	0.118	0.162	0.105	0.142	0.355	0.206	0.205	0.056	0.108	0.199	0.698
TCGA.FD.A6TI.01A.11R.A32O.07	0.015	0.029	0.358	0.12	0.061	0.14	0.154	0.082	0.358	0.203	0.204	0.036	0.075	0.027	0.039	0.112	0.052	0.127	0.238	0.287	0.172	0.123	0.079	0.185	0.59
TCGA.FD.A6TK.01A.42R.A33J.07	0	0	0.47	0.15	0.132	0.179	0.269	0.304	0.404	0.095	0.219	0.05	0.059	0.142	0.15	0.218	0.074	0.146	0.359	0.292	0.109	0.014	0.157	0.244	0.753
TCGA.FJ.A3Z7.01A.12R.A23N.07	0	0.054	0.422	0.117	0.137	0.084	0.184	0.12	0.354	0.11	0.197	0	0.007	0.082	0.177	0.034	0.039	0.159	0.187	0.31	0.18	0.118	0.192	0.191	0.608
TCGA.FJ.A3Z9.01A.11R.A26T.07	0.054	0.029	0.083	0	0.026	0.164	0.151	0.086	0.273	0.115	0.097	0.009	0.066	0.032	0.066	0.143	0.081	0.175	0.101	0.164	0.282	0.036	0.137	0.11	0.562
TCGA.FJ.A3ZE.01A.11R.A23N.07	0.06	0.096	0.261	0.022	0	0.05	0.04	0.031	0.198	0.194	0.011	0.037	0.034	0.019	0.138	0.08	0.098	0.148	0.131	0.157	0.277	0.059	0.116	0.189	0.563
TCGA.FJ.A3ZF.01A.11R.A23N.07	0.044	0.11	0.151	0	0.097	0.141	0.186	0.078	0.134	0.196	0.023	0.026	0.017	0	0.122	0.1	0.109	0.163	0.124	0.114	0.246	0.038	0.177	0.233	0.596
TCGA.FJ.A871.01A.11R.A352.07	0	0.095	0.323	0.114	0.052	0.192	0.275	0.039	0.309	0.09	0	0.02	0.016	0.011	0.137	0.119	0.126	0.161	0.158	0.207	0.178	0.113	0.1	0.162	0.57
TCGA.FT.A3EE.01A.11R.A206.07	0.026	0.074	0.259	0.06	0.113	0.145	0.11	0.097	0.226	0.13	0.127	0.117	0.066	0.106	0.125	0.221	0.116	0.163	0.218	0.12	0.186	0	0.176	0.098	0.611
TCGA.FT.A61P.01A.11R.A30C.07	0	0	0.441	0.165	0.111	0.146	0.205	0.338	0.323	0.208	0.167	0	0.087	0.135	0.128	0.264	0.059	0.21	0.35	0.267	0.126	0.025	0.123	0.171	0.739
TCGA.G2.A2EC.01A.11R.A180.07	0.007	0.103	0.405	0	0.207	0.131	0.276	0.121	0.354	0.115	0.344	0.118	0.021	0.111	0.147	0.11	0.119	0.074	0.156	0.266	0.115	0.058	0.218	0.234	0.608
TCGA.G2.A2EF.01A.12R.A18C.07	0	0	0.531	0.15	0.15	0.184	0.315	0.344	0.339	0	0.12	0.005	0.093	0.131	0.029	0.263	0.032	0.193	0.365	0.315	0.163	0.083	0.09	0.215	0.77
TCGA.G2.A2EJ.01A.11R.A180.07	0	0.01	0.508	0.075	0.165	0.182	0.281	0.305	0.295	0.103	0.06	0.028	0.087	0.076	0.132	0.253	0.04	0.124	0.266	0.284	0.223	0	0.014	0.171	0.647
TCGA.G2.A2EK.01A.22R.A18C.07	0.035	0.07	0.258	0.029	0.167	0.119	0.227	0.04	0.394	0.258	0.254	0.08	0.048	0.107	0.129	0.098	0.178	0.089	0.037	0.237	0.143	0.026	0.204	0.259	0.585
TCGA.G2.A2EL.01A.12R.A18C.07	0	0.096	0.382	0.081	0.101	0.128	0.103	0.141	0.4	0.057	0	0	0.05	0	0.163	0.141	0.112	0.137	0.083	0.146	0.228	0.096	0.097	0.204	0.541
TCGA.G2.A2EO.01A.11R.A180.07	0	0.061	0.504	0.165	0.138	0.115	0.235	0.29	0.388	0.071	0.329	0.087	0.014	0.04	0.118	0.22	0.038	0.183	0.318	0.355	0.078	0.096	0.11	0.257	0.733
TCGA.G2.A2ES.01A.11R.A180.07	0	0.015	0.494	0.137	0.154	0.161	0.293	0.317	0.246	0.086	0.163	0.076	0.091	0.028	0.154	0.246	0.035	0.154	0.347	0.274	0.166	0	0.081	0.155	0.686
TCGA.G2.A3IB.01A.11R.A20F.07	0	0	0.367	0.105	0.025	0.177	0.234	0.101	0.227	0.22	0	0.022	0	0.031	0.156	0.214	0.065	0.192	0.287	0.179	0.253	0	0	0.155	0.633
TCGA.G2.A3IE.01A.11R.A20F.07	0.029	0.067	0.281	0.004	0.188	0.163	0.251	0.1	0.18	0.118	0.163	0.022	0.055	0.055	0.147	0.186	0.112	0.136	0.203	0.1	0.168	0.048	0.179	0.188	0.598
TCGA.G2.A3VY.01A.11R.A22U.07	0	0.07	0.16	0.008	0.081	0.176	0.218	0.034	0.13	0.199	0	0	0.025	0	0.177	0.159	0.15	0.112	0.113	0.187	0.24	0.045	0.13	0.251	0.632
TCGA.G2.AA3B.01A.11R.A39I.07	0	0.014	0.434	0.135	0.153	0.151	0.215	0.297	0.223	0.092	0.223	0	0.106	0.008	0.101	0.153	0.116	0.061	0.13	0.265	0.192	0.13	0.143	0.268	0.626
TCGA.G2.AA3C.01A.21R.A39I.07	0	0	0.477	0.169	0.167	0.166	0.193	0.238	0.192	0	0.051	0	0.039	0.178	0.176	0.184	0.05	0.31	0.574	0.363	0.193	0.027	0.077	0.158	0.899
TCGA.G2.AA3D.01A.11R.A39I.07	0	0.042	0.239	0.03	0.115	0.183	0.196	0.164	0.207	0.13	0.152	0.036	0.082	0.066	0.11	0.14	0.194	0.147	0.105	0.121	0.21	0.007	0.183	0.19	0.607
TCGA.G2.AA3F.01A.12R.A42T.07	0.003	0.075	0.338	0.06	0.123	0.198	0.223	0.064	0.216	0.139	0.063	0	0.039	0	0.18	0.183	0.121	0.154	0.238	0.216	0.23	0.062	0.107	0.193	0.679
TCGA.GC.A3BM.01A.11R.A22U.07	0.008	0.066	0.296	0.074	0.134	0.168	0.234	0.178	0.304	0.127	0.2	0.011	0.085	0.001	0.149	0.113	0.089	0.131	0.175	0.095	0.175	0.079	0.162	0.183	0.529
TCGA.GC.A3BM.11A.11R.A22U.07	0	0.049	0.462	0.127	0.086	0.09	0.141	0.231	0.38	0.15	0.373	0.059	0.056	0.096	0.093	0.056	0.022	0.058	0.183	0.398	0.132	0.106	0.211	0.226	0.606
TCGA.GC.A3I6.01A.11R.A20F.07	0	0.049	0.433	0.121	0.16	0.172	0.31	0.229	0.294	0.097	0.142	0	0.074	0.068	0.119	0.254	0.058	0.173	0.309	0.224	0.136	0.056	0.085	0.179	0.668
TCGA.GC.A3OO.01A.11R.A22U.07	0	0.039	0.354	0.085	0.216	0.085	0.077	0.08	0.415	0.201	0.023	0.01	0.021	0.212	0.127	0.242	0.124	0.174	0.323	0.128	0.163	0.026	0.176	0.139	0.691
TCGA.GC.A3RB.01A.12R.A220.07	0	0.042	0.372	0.095	0.117	0.246	0.235	0.2	0.331	0.088	0.078	0	0.082	0.005	0.083	0.271	0.077	0.184	0.324	0.192	0.177	0.042	0.027	0.161	0.665
TCGA.GC.A3RC.01A.11R.A22U.07	0	0.048	0.473	0.109	0.171	0.177	0.34	0.273	0.356	0.087	0.07	0.005	0.042	0.114	0.148	0.327	0.048	0.125	0.329	0.249	0.123	0.038	0.099	0.266	0.737
TCGA.GC.A3RD.01A.12R.A22U.07	0.045	0.066	0.311	0.113	0.162	0.184	0.227	0.015	0.134	0.145	0.003	0.005	0.019	0.026	0.05	0.276	0.069	0.226	0.338	0.173	0.239	0	0.115	0.119	0.731
TCGA.GC.A3WC.01A.31R.A22U.07	0	0	0.462	0.14	0.142	0.106	0.336	0.27	0.36	0.082	0.325	0.068	0.055	0.13	0.102	0.234	0.13	0.102	0.287	0.354	0.109	0.061	0.176	0.225	0.761
TCGA.GC.A3WC.11A.11R.A22U.07	0.002	0.016	0.373	0.087	0.169	0.108	0.19	0.144	0.402	0.079	0.446	0.109	0.001	0.135	0.183	0.084	0.209	0.062	0.173	0.339	0.049	0.095	0.268	0.21	0.656
TCGA.GC.A3YS.01A.11R.A23N.07	0	0.072	0.431	0.107	0.165	0.205	0.314	0.148	0.351	0.126	0.078	0	0.065	0.054	0.142	0.238	0.024	0.193	0.358	0.259	0.136	0.034	0.109	0.205	0.716
TCGA.GC.A4ZW.01A.11R.A26T.07	0	0.037	0.389	0.038	0.053	0.232	0.213	0.141	0.315	0.172	0.09	0	0.071	0	0.177	0.159	0.09	0.159	0.2	0.173	0.192	0.071	0.005	0.22	0.564
TCGA.GC.A6I1.01A.12R.A31N.07	0	0	0.571	0.147	0.16	0.126	0.213	0.313	0.403	0.082	0.287	0.061	0.037	0.095	0.123	0.318	0.095	0.124	0.419	0.385	0.123	0.038	0.083	0.273	0.857
TCGA.GC.A6I3.01A.11R.A31N.07	0	0	0.48	0.144	0.161	0.153	0.196	0.281	0.42	0	0.346	0.023	0.072	0.041	0.125	0.217	0.131	0.131	0.31	0.344	0.077	0.105	0.157	0.318	0.794
TCGA.GC.A6I3.11A.11R.A31N.07	0	0	0.495	0.122	0.179	0.112	0.189	0.152	0.403	0.039	0.451	0.043	0	0.11	0.13	0.113	0.264	0.044	0.222	0.485	0.055	0.094	0.244	0.292	0.809
TCGA.GD.A2C5.01A.12R.A180.07	0	0.068	0.258	0.042	0.177	0.096	0.175	0.069	0.379	0.235	0.102	0.042	0.028	0.114	0.116	0.238	0.077	0.146	0.261	0.232	0.204	0.063	0.14	0.122	0.668
TCGA.GD.A2C5.11A.11R.A180.07	0	0.06	0.403	0.074	0.186	0.117	0.203	0.107	0.408	0.132	0.48	0.123	0.006	0.079	0.107	0.13	0.162	0.054	0.145	0.316	0.119	0.088	0.22	0.258	0.661
TCGA.GD.A3OP.01A.21R.A220.07	0	0.057	0.369	0.045	0.147	0.147	0.213	0.123	0.332	0.215	0.306	0.054	0.062	0.063	0.096	0.13	0.067	0.111	0.245	0.22	0.144	0.1	0.202	0.22	0.63
TCGA.GD.A3OP.11A.11R.A220.07	0	0.048	0.458	0.084	0.13	0.115	0.149	0.222	0.408	0.138	0.369	0.02	0.059	0.112	0.132	0.135	0.041	0.104	0.233	0.334	0.132	0.085	0.208	0.193	0.649
TCGA.GD.A3OQ.01A.32R.A220.07	0.011	0.123	0.351	0.057	0.129	0.173	0.164	0.136	0.215	0.175	0.062	0.045	0.034	0.054	0.121	0.186	0.049	0.155	0.187	0.024	0.21	0	0.112	0.177	0.518
TCGA.GD.A3OQ.11A.21R.A220.07	0	0.048	0.423	0.084	0.094	0.124	0.199	0.104	0.417	0.152	0.338	0.064	0.024	0.136	0.127	0.086	0.056	0.107	0.192	0.313	0.118	0.1	0.234	0.199	0.614
TCGA.GD.A3OS.01A.12R.A220.07	0	0.153	0.403	0.096	0.188	0.163	0.251	0.176	0.418	0.145	0.12	0	0.019	0.033	0.092	0.136	0.097	0.149	0.261	0.256	0.158	0	0.166	0.193	0.666
TCGA.GD.A6C6.01A.21R.A31N.07	0	0.034	0.419	0.102	0.059	0.075	0.051	0.134	0.303	0.094	0	0	0.053	0.093	0.088	0.238	0.155	0.2	0.313	0.263	0.191	0.063	0.008	0.191	0.734
TCGA.GD.A76B.01A.11R.A32O.07	0	0	0.466	0.136	0.184	0.138	0.221	0.273	0.261	0.099	0.377	0.073	0.071	0.017	0.156	0.196	0.094	0.086	0.277	0.297	0.099	0.096	0.191	0.246	0.699
TCGA.GU.A42P.01A.11R.A23W.07	0.069	0.095	0.087	0.001	0.128	0.169	0.177	0.031	0.156	0.212	0.01	0.032	0.012	0.025	0.081	0.062	0.147	0.093	0.037	0.138	0.275	0.031	0.143	0.176	0.505
TCGA.GU.A42Q.01A.11R.A23W.07	0	0.033	0.324	0.075	0.05	0.12	0.256	0.025	0.355	0.14	0	0.024	0.009	0.069	0.172	0.143	0.082	0.192	0.185	0.213	0.248	0.057	0.038	0.134	0.582
TCGA.GU.A42R.01A.11R.A23N.07	0	0.071	0.284	0.036	0.08	0.173	0.228	0.094	0.29	0.16	0.089	0.003	0.078	0.007	0.122	0.125	0.066	0.173	0.154	0.122	0.252	0.046	0.153	0.218	0.595
TCGA.GU.A762.01A.11R.A33J.07	0	0	0.537	0.182	0.132	0.115	0.292	0.342	0.387	0.004	0.227	0.034	0.051	0.161	0.076	0.204	0.08	0.159	0.388	0.373	0.076	0.107	0.127	0.258	0.784
TCGA.GU.A763.01A.11R.A32O.07	0	0.053	0.332	0.032	0.03	0.113	0.078	0.157	0.253	0.091	0.172	0	0.053	0.073	0.15	0.117	0.116	0.168	0.162	0.212	0.176	0.105	0.136	0.205	0.608
TCGA.GU.A764.01A.11R.A352.07	0	0	0.472	0.138	0.156	0.154	0.235	0.241	0.338	0.091	0.246	0.038	0.048	0.172	0.1	0.179	0.081	0.145	0.316	0.355	0.098	0.05	0.162	0.231	0.737
TCGA.GU.A766.01A.11R.A32O.07	0	0	0.557	0.161	0.141	0.17	0.304	0.365	0.394	0.006	0.243	0.02	0.027	0.101	0.1	0.209	0.083	0.131	0.419	0.402	0.152	0.023	0.17	0.253	0.856
TCGA.GU.A767.01A.11R.A32O.07	0.016	0.073	0.321	0.081	0.184	0.095	0.048	0.035	0.357	0.133	0.058	0	0	0.082	0.17	0.148	0.089	0.154	0.203	0.26	0.216	0.077	0.161	0.186	0.667
TCGA.GU.AATO.01A.11R.A39I.07	0	0	0.424	0.121	0.095	0.126	0.175	0.195	0.375	0.185	0.267	0.02	0.055	0.13	0.056	0.165	0.133	0.167	0.369	0.28	0.125	0.095	0.129	0.281	0.776
TCGA.GU.AATP.01A.11R.A39I.07	0	0.068	0.363	0.081	0.106	0.117	0.161	0.095	0.417	0.118	0.288	0.006	0.052	0.04	0.154	0.232	0.072	0.198	0.31	0.211	0.132	0.082	0.23	0.17	0.731
TCGA.GU.AATQ.01A.11R.A39I.07	0	0	0.37	0.081	0.14	0.153	0.188	0.212	0.381	0.104	0.069	0	0.081	0.108	0.178	0.174	0.109	0.203	0.302	0.228	0.182	0.018	0.122	0.149	0.691
TCGA.GV.A3JV.01A.11R.A220.07	0	0.099	0.422	0.084	0.17	0.163	0.305	0.203	0.335	0.047	0.309	0.06	0.038	0.029	0.194	0.166	0.105	0.096	0.24	0.247	0.107	0.105	0.154	0.2	0.619
TCGA.GV.A3JW.01A.11R.A20F.07	0.043	0.08	0.258	0.005	0.077	0.07	0.08	0	0.097	0.156	0	0.057	0	0.043	0.139	0.207	0.129	0.101	0.161	0.139	0.236	0.032	0.113	0.196	0.604
TCGA.GV.A3JX.01A.11R.A20F.07	0	0.039	0.411	0.134	0.129	0.143	0.185	0.244	0.414	0.145	0.168	0	0.106	0.137	0.127	0.204	0.058	0.11	0.262	0.252	0.174	0.085	0.082	0.229	0.645
TCGA.GV.A3JZ.01A.11R.A21D.07	0	0.056	0.379	0.103	0.125	0.19	0.264	0.162	0.301	0.141	0.007	0.013	0.051	0.018	0.149	0.266	0.067	0.206	0.322	0.098	0.171	0.079	0.142	0.177	0.682
TCGA.GV.A3QF.01A.31R.A22U.07	0.095	0.042	0	0	0.138	0.072	0.066	0.048	0.031	0.223	0.026	0.088	0	0.067	0.004	0.06	0.133	0.115	0.133	0.097	0.335	0	0.161	0.003	0.487
TCGA.GV.A3QG.01A.11R.A220.07	0	0.043	0.478	0.136	0.209	0.086	0.287	0.247	0.399	0.031	0.361	0.123	0	0.038	0.112	0.167	0.244	0.127	0.337	0.312	0.055	0.083	0.214	0.25	0.802
TCGA.GV.A3QH.01A.11R.A220.07	0	0.099	0.191	0.035	0.008	0.219	0.227	0.076	0.124	0.233	0	0.001	0.02	0	0.149	0.14	0.128	0.167	0.18	0.083	0.283	0	0.108	0.144	0.581
TCGA.GV.A3QI.01A.11R.A220.07	0	0.08	0.184	0	0.188	0.11	0.039	0.073	0.285	0.192	0	0.047	0	0.009	0.217	0.093	0.12	0.053	0.132	0.131	0.264	0.04	0.137	0.109	0.489
TCGA.GV.A3QK.01B.11R.A23N.07	0	0.082	0.397	0.087	0.178	0.168	0.299	0.213	0.263	0.127	0.354	0.106	0.063	0	0.159	0.22	0.056	0.097	0.142	0.254	0.115	0.107	0.172	0.255	0.617
TCGA.GV.A40E.01A.12R.A23N.07	0	0.016	0.386	0.146	0.052	0.226	0.221	0.248	0.428	0.157	0.04	0	0.11	0.055	0.103	0.241	0.014	0.173	0.306	0.307	0.18	0.024	0.103	0.193	0.714
TCGA.GV.A40G.01A.11R.A23N.07	0.039	0.099	0.248	0.005	0.069	0.055	0	0.003	0.063	0.267	0	0	0	0.09	0.129	0.12	0.108	0.154	0.146	0.113	0.279	0.104	0.103	0.15	0.552
TCGA.GV.A6ZA.01A.12R.A33J.07	0	0.041	0.456	0.094	0.157	0.185	0.26	0.191	0.328	0.001	0.259	0.002	0.067	0.002	0.147	0.172	0.063	0.142	0.232	0.215	0.136	0.12	0.137	0.254	0.636
TCGA.H4.A2HO.01A.11R.A180.07	0.017	0.091	0.389	0	0.181	0.085	0.193	0.117	0.415	0.131	0.386	0.129	0.034	0.031	0.169	0.152	0.085	0.068	0.142	0.195	0.15	0.091	0.203	0.265	0.593
TCGA.H4.A2HQ.01A.11R.A180.07	0	0.048	0.318	0.06	0.138	0.131	0.194	0.176	0.271	0.069	0.252	0.025	0.054	0.059	0.071	0.153	0.054	0.178	0.209	0.033	0.193	0.07	0.186	0.152	0.545
TCGA.HQ.A2OE.01A.11R.A206.07	0	0.096	0.339	0.03	0.198	0.208	0.278	0.103	0.289	0.083	0.09	0.085	0.022	0.05	0.098	0.157	0.094	0.126	0.19	0.156	0.213	0.061	0.075	0.227	0.582
TCGA.HQ.A2OF.01A.11R.A26T.07	0	0.081	0.218	0.09	0.032	0.125	0.112	0.016	0	0.137	0	0.078	0	0.134	0.123	0.106	0.149	0.142	0.149	0.03	0.287	0	0.102	0.122	0.512
TCGA.HQ.A5ND.01A.11R.A26T.07	0	0.01	0.403	0.137	0.021	0.19	0.248	0.269	0.234	0.107	0.001	0.049	0.087	0.033	0.177	0.166	0.062	0.202	0.179	0.164	0.204	0.015	0.03	0.14	0.539
TCGA.HQ.A5NE.01A.12R.A28M.07	0.017	0.091	0.352	0.041	0.174	0.188	0.255	0.169	0.329	0.215	0.059	0.013	0.058	0.1	0.112	0.241	0.019	0.158	0.245	0.147	0.167	0.015	0.105	0.148	0.579
TCGA.K4.A3WS.01A.11R.A22U.07	0	0.07	0.426	0.124	0.152	0.114	0.276	0.191	0.385	0.132	0.215	0.048	0.009	0.15	0.141	0.183	0.091	0.189	0.285	0.311	0.078	0.074	0.212	0.203	0.73
TCGA.K4.A3WU.01B.11R.A23N.07	0.014	0.044	0.373	0.107	0.162	0.091	0.221	0.143	0.431	0.154	0.39	0.12	0.018	0.076	0.123	0.088	0.187	0.073	0.206	0.328	0.087	0.058	0.243	0.253	0.69
TCGA.K4.A3WV.01A.11R.A22U.07	0.013	0.161	0.176	0.095	0.08	0.064	0.06	0.01	0.211	0.149	0.072	0.024	0	0.053	0.132	0.058	0.154	0.122	0.187	0.121	0.238	0.005	0.136	0.147	0.547
TCGA.K4.A3WV.11A.21R.A22U.07	0.009	0.033	0.352	0.047	0	0.099	0.154	0.14	0.423	0.184	0.307	0.037	0.063	0.158	0.113	0.057	0.075	0.069	0.112	0.359	0.135	0.122	0.229	0.238	0.6
TCGA.K4.A4AB.01B.12R.A28M.07	0	0.074	0.353	0.05	0.179	0.128	0.259	0.099	0.432	0.171	0.095	0.007	0.039	0.139	0.082	0.219	0.045	0.19	0.285	0.181	0.149	0	0.13	0.151	0.635
TCGA.K4.A4AC.01A.21R.A26T.07	0	0	0.403	0.094	0.148	0.161	0.27	0.255	0.253	0.146	0.027	0	0.094	0.161	0.134	0.284	0.039	0.211	0.386	0.246	0.194	0.013	0.043	0.189	0.749
TCGA.K4.A54R.01A.11R.A26T.07	0	0.013	0.52	0.18	0.123	0.125	0.294	0.31	0.388	0.106	0.23	0.055	0.051	0	0.105	0.244	0.032	0.16	0.33	0.367	0.111	0.076	0.114	0.218	0.742
TCGA.K4.A54R.11A.11R.A26T.07	0.003	0.043	0.47	0.056	0.118	0.14	0.221	0.144	0.375	0.199	0.365	0.064	0.008	0.048	0.138	0.094	0.01	0.044	0.208	0.358	0.131	0.092	0.224	0.202	0.599
TCGA.K4.A5RH.01A.11R.A30C.07	0	0	0.558	0.2	0.144	0.123	0.331	0.311	0.35	0	0.264	0.044	0.041	0.053	0.051	0.18	0.095	0.123	0.412	0.303	0.085	0.133	0.137	0.277	0.759
TCGA.K4.A5RI.01A.11R.A28M.07	0	0.012	0.377	0.075	0.131	0.155	0.226	0.115	0.444	0.141	0.072	0	0.065	0.088	0.179	0.24	0.085	0.168	0.281	0.334	0.164	0.035	0.074	0.199	0.727
TCGA.K4.A5RI.11A.11R.A28M.07	0	0.047	0.477	0.098	0.2	0.117	0.251	0.178	0.388	0.079	0.425	0.067	0	0.075	0.123	0.163	0.135	0.074	0.35	0.413	0.071	0.091	0.244	0.261	0.806
TCGA.K4.A5RJ.01A.11R.A28M.07	0	0	0.509	0.186	0.127	0.117	0.272	0.317	0.322	0.101	0.307	0.068	0.024	0.092	0.177	0.293	0.071	0.124	0.433	0.336	0.06	0.144	0.092	0.275	0.793
TCGA.K4.A6FZ.01A.11R.A31N.07	0	0.008	0.382	0.071	0.151	0.166	0.314	0.157	0.31	0.185	0.157	0.017	0.062	0.145	0.159	0.188	0.028	0.156	0.284	0.222	0.186	0.02	0.14	0.172	0.648
TCGA.K4.A6MB.01A.11R.A31N.07	0.055	0.129	0.325	0.088	0.194	0.107	0.164	0.092	0.279	0.136	0.124	0.02	0	0.026	0.132	0.209	0.041	0.211	0.259	0.184	0.189	0.018	0.181	0.181	0.684
TCGA.K4.A83P.01A.11R.A352.07	0	0.031	0.443	0.112	0.208	0.111	0.292	0.182	0.387	0.065	0.394	0.104	0	0.072	0.183	0.098	0.237	0.071	0.309	0.412	0.025	0.067	0.233	0.244	0.767
TCGA.K4.AAQO.01A.11R.A38B.07	0	0.1	0.383	0.037	0.176	0.043	0.153	0.156	0.422	0.106	0.321	0.098	0	0.136	0.125	0.162	0.153	0.097	0.237	0.185	0.102	0.099	0.24	0.21	0.653
TCGA.KQ.A41N.01A.11R.A33J.07	0.044	0.008	0.107	0.055	0.154	0.161	0.185	0.03	0.244	0.042	0.04	0.034	0.014	0.09	0.021	0.163	0.117	0.16	0.113	0.267	0.227	0.079	0.182	0.12	0.634
TCGA.KQ.A41O.01A.12R.A352.07	0.066	0.129	0.148	0.004	0.002	0.077	0.044	0	0.022	0.211	0	0	0	0.041	0.072	0.076	0.12	0.09	0.135	0.052	0.25	0.067	0.162	0.133	0.479
TCGA.KQ.A41P.01A.12R.A33J.07	0	0.03	0.39	0.098	0.179	0.155	0.211	0.152	0.373	0.125	0.159	0.005	0.06	0.106	0.116	0.294	0.062	0.214	0.347	0.261	0.144	0.073	0.139	0.184	0.774
TCGA.KQ.A41Q.01A.11R.A33J.07	0.024	0.054	0.227	0.049	0.14	0.172	0.23	0.018	0.11	0.213	0.013	0.041	0	0.03	0.104	0.187	0.086	0.198	0.145	0.096	0.228	0.049	0.159	0.118	0.573
TCGA.KQ.A41R.01A.21R.A352.07	0	0.11	0.253	0.011	0.186	0.108	0.121	0.068	0.293	0.151	0.135	0.007	0.04	0.08	0.149	0.212	0.071	0.138	0.164	0.091	0.181	0.125	0.156	0.201	0.571
TCGA.KQ.A41S.01A.12R.A33J.07	0	0.016	0.357	0.107	0.129	0.151	0.203	0.138	0.316	0.21	0.17	0	0.06	0.072	0.094	0.135	0.077	0.16	0.304	0.197	0.176	0.102	0.112	0.201	0.641
TCGA.LC.A66R.01A.41R.A30C.07	0	0.008	0.514	0.155	0.204	0.159	0.307	0.303	0.316	0.066	0.162	0.076	0.071	0.105	0.063	0.228	0.093	0.14	0.294	0.239	0.125	0.066	0.124	0.224	0.69
TCGA.LT.A5Z6.01A.11R.A28M.07	0	0.055	0.401	0.131	0.152	0.16	0.193	0.265	0.292	0.151	0.215	0.036	0.126	0	0.145	0.156	0.098	0.101	0.163	0.27	0.162	0.073	0.14	0.233	0.623
TCGA.LT.A8JT.01A.11R.A36F.07	0.002	0.052	0.344	0.022	0.171	0.143	0.176	0.159	0.296	0.139	0.265	0.054	0.073	0.015	0.162	0.188	0.084	0.125	0.144	0.103	0.153	0.082	0.188	0.242	0.578
TCGA.MV.A51V.01A.11R.A26T.07	0.014	0.114	0.231	0.018	0.108	0.112	0.06	0.032	0.343	0.272	0.059	0.003	0.039	0.003	0.168	0.03	0.153	0.105	0.088	0.182	0.242	0.01	0.129	0.145	0.506
TCGA.PQ.A6FI.01A.11R.A31N.07	0	0	0.453	0.147	0.065	0.183	0.215	0.316	0.196	0.124	0.058	0	0.049	0.099	0.121	0.213	0.063	0.219	0.28	0.298	0.215	0.017	0.039	0.144	0.692
TCGA.PQ.A6FN.01A.11R.A31N.07	0	0.037	0.407	0.14	0.12	0.074	0.055	0.24	0.42	0.049	0.184	0	0.06	0.15	0.16	0.224	0.163	0.166	0.252	0.215	0.14	0.047	0.101	0.202	0.689
TCGA.R3.A69X.01A.22R.A30C.07	0	0.055	0.353	0.101	0.191	0.165	0.289	0.138	0.338	0.176	0.259	0.077	0.034	0.125	0.077	0.23	0.129	0.159	0.316	0.235	0.096	0.034	0.2	0.207	0.74
TCGA.S5.A6DX.01A.11R.A31N.07	0	0	0.503	0.156	0.15	0.065	0.177	0.261	0.37	0.014	0.325	0	0.039	0.116	0.212	0.171	0.118	0.135	0.382	0.397	0.122	0.13	0.144	0.265	0.816
TCGA.S5.AA26.01A.11R.A38B.07	0.058	0.103	0.066	0.033	0.096	0.195	0.16	0.047	0.153	0.109	0.17	0.011	0.023	0.026	0.091	0.12	0.085	0.154	0.133	0.09	0.22	0.048	0.139	0.143	0.511
TCGA.SY.A9G0.01A.12R.A38B.07	0	0.078	0.363	0.03	0.181	0.114	0.247	0.087	0.409	0.116	0.263	0.085	0.007	0.197	0.146	0.094	0.181	0.096	0.218	0.264	0.099	0.064	0.247	0.174	0.646
TCGA.SY.A9G5.01A.11R.A38B.07	0	0	0.544	0.175	0.133	0.125	0.272	0.288	0.41	0.061	0.301	0.029	0.054	0.075	0.058	0.3	0.06	0.179	0.342	0.336	0.093	0.077	0.139	0.234	0.792
TCGA.UY.A78K.01A.11R.A33J.07	0	0.049	0.483	0.121	0.157	0.163	0.255	0.277	0.256	0.131	0.329	0.111	0.059	0	0.156	0.116	0.198	0.081	0.252	0.237	0.093	0.058	0.183	0.279	0.677
TCGA.UY.A78L.01A.12R.A33J.07	0	0.05	0.285	0.072	0.128	0.131	0.198	0.077	0.279	0.293	0	0	0.018	0.102	0.118	0.223	0.089	0.176	0.331	0.017	0.245	0	0.071	0.122	0.6
TCGA.UY.A78M.01A.21R.A352.07	0.05	0.065	0.269	0.103	0.153	0.128	0.132	0.079	0.231	0.106	0.011	0	0.057	0.072	0.061	0.169	0.076	0.215	0.263	0.227	0.213	0.057	0.095	0.181	0.677
TCGA.UY.A78N.01A.12R.A33J.07	0	0.053	0.286	0.033	0.126	0.148	0.193	0.104	0.374	0.086	0.076	0	0.064	0.132	0.111	0.196	0.072	0.149	0.184	0.153	0.179	0.13	0.168	0.207	0.617
TCGA.UY.A78O.01A.12R.A33J.07	0.008	0.079	0.192	0.063	0.168	0.138	0.142	0.131	0.178	0.158	0.12	0	0.035	0.114	0.101	0.255	0.142	0.129	0.231	0.191	0.178	0.082	0.115	0.224	0.689
TCGA.UY.A78P.01A.12R.A36F.07	0	0	0.511	0.153	0.139	0.148	0.267	0.292	0.391	0.057	0.312	0.003	0.033	0.065	0.194	0.299	0.052	0.197	0.419	0.377	0.12	0.056	0.103	0.237	0.849
TCGA.UY.A8OB.01A.12R.A42T.07	0	0	0.462	0.163	0.027	0.199	0.251	0.384	0.226	0.231	0.004	0	0.099	0.039	0.083	0.278	0.042	0.148	0.298	0.249	0.175	0.032	0.019	0.179	0.653
TCGA.UY.A8OC.01A.11R.A36F.07	0.003	0.074	0.258	0.052	0.135	0.135	0.202	0.108	0.251	0.132	0	0.009	0.034	0.238	0.136	0.28	0.073	0.229	0.273	0.111	0.16	0	0.127	0.077	0.626
TCGA.UY.A8OD.01A.11R.A36F.07	0	0.065	0.382	0.037	0.158	0.163	0.208	0.116	0.404	0.158	0.286	0.075	0.002	0.199	0.141	0.16	0.084	0.124	0.275	0.262	0.114	0.07	0.219	0.247	0.699
TCGA.UY.A9PA.01A.11R.A38B.07	0	0.003	0.446	0.135	0.094	0.176	0.227	0.28	0.327	0.153	0.289	0.021	0.116	0.042	0.074	0.141	0.038	0.09	0.175	0.243	0.137	0.084	0.144	0.216	0.558
TCGA.UY.A9PB.01A.11R.A38B.07	0	0.004	0.514	0.169	0.145	0.13	0.258	0.341	0.401	0.087	0.204	0.013	0.048	0.159	0.054	0.233	0.064	0.135	0.393	0.36	0.107	0.075	0.115	0.244	0.777
TCGA.UY.A9PD.01A.11R.A38B.07	0.016	0.103	0.284	0.101	0.164	0.145	0.179	0.113	0.15	0.119	0.087	0.057	0.035	0.048	0.16	0.107	0.123	0.198	0.191	0.263	0.171	0.034	0.161	0.2	0.666
TCGA.UY.A9PE.01A.11R.A38B.07	0.044	0.09	0.227	0.042	0.101	0.076	0.085	0.085	0.325	0.128	0.069	0.022	0.021	0.193	0.052	0.148	0.137	0.15	0.236	0.108	0.17	0.193	0.188	0.118	0.591
TCGA.UY.A9PF.01A.11R.A38B.07	0	0.061	0.384	0.067	0.168	0.151	0.231	0.115	0.366	0.088	0.305	0.071	0.049	0.034	0.125	0.186	0.141	0.091	0.217	0.261	0.133	0.074	0.177	0.219	0.67
TCGA.UY.A9PH.01A.11R.A38B.07	0	0	0.524	0.151	0.161	0.123	0.325	0.248	0.288	0.055	0.305	0.067	0.049	0.048	0.146	0.221	0.101	0.166	0.376	0.361	0.135	0.06	0.134	0.228	0.81
TCGA.XF.A8HB.01A.11R.A36F.07	0.009	0.081	0.157	0.012	0.047	0.137	0.115	0.111	0.183	0.124	0.108	0	0	0.117	0.105	0.181	0.153	0.195	0.258	0.094	0.233	0.009	0.065	0.098	0.601
TCGA.XF.A8HC.01A.11R.A36F.07	0.019	0.056	0.083	0	0.027	0.157	0.121	0.031	0.092	0.313	0.038	0.041	0.006	0.03	0.152	0.038	0.138	0.071	0.125	0.051	0.289	0.022	0.112	0.176	0.47
TCGA.XF.A8HD.01A.11R.A36F.07	0	0	0.511	0.195	0.084	0.134	0.285	0.335	0.397	0.04	0.231	0.035	0.103	0	0.127	0.184	0.087	0.139	0.276	0.395	0.094	0.065	0.102	0.244	0.716
TCGA.XF.A8HE.01A.11R.A36F.07	0	0	0.52	0.154	0.146	0.16	0.306	0.294	0.322	0.067	0.193	0.044	0.065	0.056	0.147	0.163	0.062	0.215	0.318	0.271	0.188	0.082	0.102	0.242	0.735
TCGA.XF.A8HF.01A.11R.A36F.07	0	0.063	0.366	0.094	0.173	0.18	0.248	0.096	0.282	0.109	0.135	0	0.049	0.12	0.085	0.165	0.071	0.18	0.321	0.249	0.12	0.085	0.13	0.237	0.694
TCGA.XF.A8HG.01A.11R.A36F.07	0.084	0.054	0.045	0	0.041	0.12	0.073	0.051	0	0.008	0.018	0.076	0.002	0.042	0.066	0.209	0.12	0.215	0.338	0.099	0.255	0.023	0.104	0.056	0.658
TCGA.XF.A8HH.01A.11R.A38B.07	0.002	0.093	0.37	0.054	0.204	0.132	0.215	0.087	0.354	0.115	0.166	0.011	0.019	0.077	0.126	0.209	0.067	0.209	0.319	0.198	0.149	0.053	0.189	0.205	0.727
TCGA.XF.A8HI.01A.11R.A38B.07	0.008	0.048	0.295	0.05	0.162	0.166	0.233	0.122	0.223	0.135	0.234	0.067	0.056	0.096	0.18	0.143	0.09	0.139	0.089	0.085	0.176	0.051	0.19	0.167	0.508
TCGA.XF.A9SH.01A.11R.A39I.07	0.027	0.042	0.272	0.046	0.151	0.151	0.2	0.118	0.274	0.139	0.101	0.003	0.082	0.079	0.096	0.249	0.089	0.131	0.238	0.127	0.165	0.06	0.127	0.192	0.62
TCGA.XF.A9SI.01A.11R.A39I.07	0	0.004	0.521	0.186	0.183	0.159	0.313	0.314	0.364	0.014	0.341	0.104	0	0.059	0.081	0.112	0.193	0.052	0.314	0.314	0.036	0.082	0.197	0.331	0.73
TCGA.XF.A9SJ.01A.11R.A39I.07	0	0	0.519	0.17	0.118	0.12	0.19	0.327	0.367	0.115	0.171	0	0.072	0.117	0.164	0.21	0.097	0.158	0.371	0.342	0.131	0.054	0.11	0.227	0.775
TCGA.XF.A9SK.01A.11R.A42T.07	0	0.057	0.382	0.117	0.153	0.132	0.256	0.169	0.426	0.16	0.172	0.032	0.029	0.104	0.046	0.223	0.08	0.173	0.374	0.329	0.131	0.039	0.188	0.15	0.775
TCGA.XF.A9SL.01A.11R.A39I.07	0	0.058	0.389	0.086	0.162	0.074	0.201	0.116	0.374	0.074	0.393	0.094	0	0.16	0.21	0.101	0.205	0.1	0.293	0.331	0.063	0.081	0.262	0.236	0.749
TCGA.XF.A9SM.01A.11R.A42T.07	0	0	0.529	0.173	0.153	0.127	0.29	0.317	0.379	0.025	0.276	0.064	0.021	0.081	0.145	0.207	0.095	0.139	0.414	0.339	0.091	0.089	0.147	0.267	0.799
TCGA.XF.A9SP.01A.11R.A39I.07	0	0.053	0.396	0.078	0.168	0.113	0.19	0.142	0.428	0.099	0.216	0.039	0.053	0.148	0.085	0.18	0.101	0.154	0.301	0.364	0.108	0.078	0.188	0.193	0.748
TCGA.XF.A9ST.01A.11R.A42T.07	0.058	0.032	0	0.03	0	0.189	0.153	0.103	0.193	0.046	0	0.039	0	0.061	0.155	0.087	0.219	0.107	0.131	0.06	0.25	0	0.048	0.161	0.501
TCGA.XF.A9SU.01A.31R.A39I.07	0	0.007	0.406	0.052	0.153	0.142	0.207	0.164	0.427	0.077	0.241	0.053	0.039	0.15	0.161	0.157	0.097	0.178	0.328	0.298	0.125	0.081	0.196	0.215	0.749
TCGA.XF.A9SV.01A.21R.A42T.07	0	0.102	0.361	0.007	0.175	0.111	0.149	0.149	0.318	0.215	0.084	0	0.052	0.05	0.146	0.188	0.075	0.195	0.32	0.113	0.199	0.043	0.101	0.181	0.647
TCGA.XF.A9SW.01A.11R.A42T.07	0	0.048	0.383	0.058	0.155	0.157	0.157	0.125	0.421	0.112	0.239	0.049	0.031	0.153	0.2	0.187	0.13	0.151	0.308	0.278	0.12	0.057	0.241	0.182	0.752
TCGA.XF.A9SX.01A.21R.A39I.07	0	0.012	0.475	0.125	0.149	0.151	0.265	0.264	0.415	0.133	0.322	0.026	0.049	0.047	0.103	0.271	0.077	0.149	0.393	0.338	0.057	0.079	0.17	0.265	0.81
TCGA.XF.A9SY.01A.21R.A42T.07	0	0	0.543	0.164	0.163	0.131	0.286	0.334	0.381	0.071	0.212	0.058	0.028	0.15	0.07	0.244	0.074	0.171	0.379	0.388	0.123	0.023	0.119	0.176	0.788
TCGA.XF.A9SZ.01A.11R.A39I.07	0	0.051	0.416	0.103	0.129	0.076	0.111	0.094	0.362	0.13	0.12	0.018	0.009	0.137	0.18	0.191	0.081	0.251	0.39	0.228	0.185	0.073	0.131	0.153	0.758
TCGA.XF.A9T0.01A.11R.A39I.07	0	0.06	0.425	0.132	0.157	0.13	0.264	0.213	0.343	0.094	0.109	0.024	0.083	0.028	0.148	0.235	0.073	0.173	0.315	0.234	0.141	0.092	0.1	0.217	0.701
TCGA.XF.A9T2.01A.11R.A42T.07	0	0.087	0.435	0.051	0.195	0.18	0.285	0.004	0.277	0.193	0.097	0	0.042	0.064	0.085	0.165	0.081	0.141	0.242	0.272	0.173	0.039	0.118	0.217	0.663
TCGA.XF.A9T3.01A.11R.A42T.07	0	0.024	0.432	0.148	0.132	0.155	0.272	0.256	0.316	0.151	0.188	0.019	0.085	0.153	0.132	0.192	0.073	0.153	0.263	0.302	0.098	0.046	0.174	0.191	0.681
TCGA.XF.A9T4.01A.11R.A39I.07	0	0.024	0.376	0.136	0.083	0.185	0.231	0.226	0.376	0.118	0.102	0.022	0.092	0.083	0.111	0.168	0.048	0.216	0.225	0.219	0.173	0.048	0.074	0.172	0.609
TCGA.XF.A9T5.01A.11R.A42T.07	0	0	0.505	0.165	0.166	0.108	0.269	0.301	0.304	0.017	0.326	0.059	0.049	0.074	0.21	0.276	0.118	0.149	0.369	0.29	0.097	0.094	0.143	0.241	0.792
TCGA.XF.A9T6.01A.11R.A42T.07	0	0.003	0.303	0.095	0.07	0.177	0.262	0.237	0.274	0.047	0	0	0.056	0.066	0.149	0.306	0.032	0.166	0.337	0.161	0.171	0.1	0.054	0.179	0.661
TCGA.XF.A9T8.01A.11R.A39I.07	0	0	0.547	0.162	0.138	0.119	0.305	0.324	0.345	0.023	0.233	0.017	0.04	0.129	0.136	0.223	0.062	0.178	0.407	0.356	0.15	0.059	0.1	0.224	0.8
TCGA.XF.AAME.01A.12R.A42T.07	0	0.032	0.453	0.076	0.191	0.136	0.284	0.135	0.375	0.094	0.367	0.077	0	0.125	0.202	0.208	0.148	0.141	0.354	0.344	0.071	0.06	0.228	0.251	0.822
TCGA.XF.AAMG.01A.11R.A42T.07	0	0.116	0.339	0.084	0.174	0.14	0.18	0.143	0.37	0.125	0.064	0.017	0.012	0.01	0.182	0.131	0.104	0.172	0.291	0.134	0.172	0.053	0.163	0.128	0.61
TCGA.XF.AAMH.01A.11R.A42T.07	0	0.083	0.35	0.115	0.124	0.16	0.22	0.074	0.287	0.174	0	0	0.02	0.143	0.065	0.199	0.064	0.154	0.216	0.248	0.182	0.023	0.09	0.194	0.634
TCGA.XF.AAMJ.01A.11R.A42T.07	0	0.097	0.398	0.102	0.184	0.15	0.281	0.089	0.415	0.11	0.05	0.005	0.04	0.154	0.091	0.193	0.057	0.178	0.319	0.284	0.142	0.04	0.158	0.18	0.711
TCGA.XF.AAML.01A.11R.A42T.07	0	0	0.354	0.114	0.149	0.207	0.263	0.179	0.197	0.233	0.171	0.013	0.083	0	0.105	0.145	0.135	0.115	0.194	0.188	0.189	0.103	0.089	0.249	0.614
TCGA.XF.AAMQ.01A.11R.A42T.07	0	0.041	0.441	0.135	0.177	0.155	0.294	0.306	0.341	0.114	0.317	0.091	0.063	0.012	0.088	0.204	0.109	0.116	0.265	0.237	0.121	0.034	0.133	0.22	0.662
TCGA.XF.AAMR.01A.31R.A42T.07	0	0.058	0.321	0.074	0.172	0.134	0.242	0.075	0.432	0.188	0.058	0	0.044	0.185	0.091	0.223	0.088	0.168	0.31	0.282	0.15	0.044	0.179	0.134	0.722
TCGA.XF.AAMT.01A.11R.A42T.07	0	0.014	0.403	0.071	0.185	0.156	0.272	0.146	0.342	0.157	0	0	0.029	0.237	0.169	0.26	0.037	0.224	0.349	0.234	0.135	0.039	0.126	0.189	0.731
TCGA.XF.AAMW.01A.11R.A42T.07	0	0.05	0.369	0.072	0.186	0.169	0.292	0.158	0.206	0.109	0.1	0.081	0.049	0.069	0.123	0.274	0.063	0.239	0.343	0.112	0.157	0	0.164	0.08	0.674
TCGA.XF.AAMX.01A.11R.A42T.07	0	0.068	0.293	0.062	0.186	0.154	0.234	0.121	0.149	0.072	0.125	0.024	0.073	0	0.054	0.191	0.106	0.202	0.301	0.003	0.186	0.088	0.146	0.23	0.643
TCGA.XF.AAMY.01A.11R.A42T.07	0.037	0.006	0.262	0.098	0.185	0.114	0.166	0.086	0.204	0.139	0.098	0.052	0.054	0.104	0.093	0.201	0.064	0.259	0.344	0.15	0.209	0.041	0.198	0.127	0.731
TCGA.XF.AAMZ.01A.11R.A42T.07	0	0.07	0.308	0	0.174	0.187	0.256	0.117	0.349	0.049	0.303	0.125	0.062	0.09	0.183	0.113	0.181	0.117	0.17	0.218	0.162	0.069	0.121	0.219	0.612
TCGA.XF.AAN0.01A.11R.A42T.07	0	0.003	0.424	0.079	0.159	0.164	0.274	0.142	0.253	0.153	0.313	0.083	0.036	0.106	0.123	0.107	0.098	0.134	0.358	0.183	0.145	0.077	0.164	0.219	0.663
TCGA.XF.AAN1.01A.31R.A42T.07	0	0.097	0.309	0.047	0.059	0.098	0.112	0.136	0.322	0.102	0.183	0	0.044	0.05	0.223	0.142	0.095	0.132	0.134	0.109	0.198	0.085	0.163	0.188	0.546
TCGA.XF.AAN2.01A.11R.A42T.07	0	0	0.488	0.156	0.09	0.176	0.293	0.315	0.375	0.173	0.161	0	0.102	0	0.125	0.204	0.04	0.174	0.303	0.278	0.127	0.041	0.076	0.233	0.676
TCGA.XF.AAN3.01A.11R.A42T.07	0	0.048	0.33	0.029	0.178	0.128	0.254	0.103	0.418	0.205	0.129	0.055	0.018	0.145	0.127	0.265	0.076	0.214	0.345	0.139	0.171	0	0.159	0.148	0.714
TCGA.XF.AAN4.01A.11R.A42T.07	0	0.011	0.447	0.104	0.164	0.116	0.276	0.256	0.351	0.094	0.281	0.021	0.015	0.195	0.148	0.219	0.042	0.177	0.408	0.335	0.123	0.084	0.225	0.183	0.806
TCGA.XF.AAN5.01A.11R.A42T.07	0	0	0.485	0.151	0.118	0.119	0.297	0.354	0.394	0.062	0.245	0.036	0.067	0.047	0.174	0.248	0.031	0.151	0.321	0.341	0.119	0.071	0.123	0.176	0.71
TCGA.XF.AAN7.01A.11R.A42T.07	0	0.101	0.375	0.044	0.168	0.213	0.324	0.063	0.432	0.109	0.061	0	0.011	0.081	0.153	0.163	0.063	0.134	0.272	0.147	0.174	0.098	0.07	0.192	0.572
TCGA.XF.AAN8.01A.11R.A42T.07	0	0.004	0.468	0.105	0.16	0.097	0.205	0.105	0.313	0.195	0.347	0.015	0	0.118	0.193	0.208	0.041	0.213	0.448	0.345	0.169	0.049	0.196	0.156	0.835
TCGA.YC.A89H.01A.11R.A36F.07	0	0.028	0.441	0.163	0.09	0.199	0.218	0.275	0.319	0.033	0.12	0	0.117	0.081	0.069	0.274	0.033	0.208	0.344	0.266	0.162	0.034	0.111	0.19	0.748
TCGA.YC.A8S6.01A.31R.A38B.07	0	0.101	0.376	0.07	0.201	0.163	0.309	0.096	0.345	0.11	0.23	0.011	0	0.125	0.191	0.191	0.008	0.156	0.301	0.285	0.173	0.02	0.183	0.163	0.687
TCGA.YC.A9TC.01A.22R.A39I.07	0	0.043	0.451	0.07	0.221	0.125	0.154	0.131	0.365	0.049	0	0	0.07	0.082	0.151	0.238	0.171	0.225	0.279	0.191	0.175	0.031	0.081	0.159	0.715
TCGA.YF.AA3L.01A.11R.A38B.07	0	0.014	0.193	0.006	0.072	0.145	0.096	0.13	0.291	0.174	0.178	0.017	0.054	0.185	0.124	0.19	0.088	0.179	0.18	0.137	0.196	0.101	0.121	0.15	0.584
TCGA.YF.AA3M.01A.11R.A42T.07	0.035	0.071	0.284	0.117	0.124	0.12	0.102	0.074	0.263	0.148	0.013	0	0.033	0.082	0.082	0.235	0.114	0.182	0.244	0.068	0.212	0.027	0.138	0.168	0.64
TCGA.ZF.A9R0.01A.11R.A38B.07	0	0.045	0.296	0.105	0.065	0.133	0.17	0.186	0.366	0.092	0.219	0	0.075	0.164	0.102	0.144	0.094	0.142	0.207	0.269	0.145	0.139	0.205	0.177	0.65
TCGA.ZF.A9R1.01A.11R.A39I.07	0	0.053	0.324	0	0.137	0.163	0.234	0.1	0.433	0.087	0.213	0.061	0.078	0.133	0.061	0.08	0.183	0.099	0.095	0.161	0.162	0.029	0.24	0.198	0.573
TCGA.ZF.A9R2.01A.11R.A39I.07	0.072	0.08	0.039	0	0	0.155	0.085	0.108	0.162	0.162	0.131	0.068	0	0.018	0.018	0.185	0.098	0.142	0.133	0.043	0.259	0.005	0.085	0.126	0.504
TCGA.ZF.A9R3.01A.11R.A38B.07	0.027	0.098	0.251	0.064	0.206	0.152	0.26	0.125	0.13	0.197	0.222	0.072	0.047	0.049	0.127	0.184	0.105	0.133	0.166	0.166	0.186	0.009	0.161	0.148	0.588
TCGA.ZF.A9R4.01A.11R.A38B.07	0	0	0.442	0.127	0.128	0.176	0.266	0.298	0.219	0.097	0.142	0	0.098	0	0.194	0.13	0.052	0.11	0.216	0.252	0.17	0.125	0.131	0.231	0.608
TCGA.ZF.A9R5.01A.12R.A42T.07	0.015	0.038	0.42	0	0.146	0.175	0.209	0.194	0.334	0.107	0.294	0.021	0.102	0.02	0.14	0.05	0.102	0.156	0.104	0.2	0.17	0.059	0.228	0.219	0.579
TCGA.ZF.A9R7.01A.11R.A38B.07	0	0	0.523	0.171	0.14	0.111	0.263	0.306	0.364	0.103	0.453	0.004	0.056	0	0.039	0.09	0.147	0.1	0.223	0.349	0.065	0.138	0.187	0.337	0.705
TCGA.ZF.A9R9.01A.11R.A38B.07	0	0.12	0.34	0.011	0.18	0.113	0.233	0.104	0.408	0.164	0.233	0.088	0.036	0.087	0.105	0.14	0.099	0.128	0.248	0.209	0.138	0.034	0.203	0.24	0.661
TCGA.ZF.A9RC.01A.11R.A38B.07	0.056	0.119	0.223	0.091	0.097	0.095	0.114	0.015	0.295	0.123	0	0	0	0.126	0.103	0.166	0.067	0.2	0.248	0.179	0.227	0.064	0.22	0.101	0.663
TCGA.ZF.A9RD.01A.11R.A42T.07	0	0	0.51	0.158	0.138	0.145	0.203	0.337	0.377	0.062	0.323	0.063	0.047	0.096	0.201	0.221	0.16	0.097	0.297	0.408	0.085	0.041	0.14	0.242	0.777
TCGA.ZF.A9RE.01A.11R.A38B.07	0	0.006	0.343	0.038	0.063	0.178	0.211	0.108	0.253	0.168	0.084	0	0.079	0.049	0.166	0.148	0.098	0.201	0.178	0.151	0.275	0.018	0.087	0.156	0.609
TCGA.ZF.A9RF.01A.11R.A38B.07	0	0	0.467	0.193	0.126	0.135	0.215	0.32	0.335	0.155	0.253	0.054	0.084	0.071	0.083	0.142	0.106	0.113	0.407	0.32	0.097	0.106	0.096	0.263	0.727
TCGA.ZF.A9RL.01A.11R.A38B.07	0.027	0.091	0.18	0.023	0	0.155	0.171	0.057	0.231	0.191	0.062	0	0.02	0	0.124	0.247	0.098	0.104	0.097	0.163	0.236	0.087	0.13	0.209	0.604
TCGA.ZF.A9RM.01A.11R.A38B.07	0.047	0.078	0.15	0.002	0.101	0.127	0.149	0.038	0.03	0.185	0.017	0.02	0	0.069	0.154	0.164	0.152	0.103	0.075	0.041	0.279	0.08	0.142	0.226	0.556
TCGA.ZF.A9RN.01A.11R.A42T.07	0	0	0.532	0.135	0.141	0.218	0.389	0.299	0.437	0	0.27	0.006	0.051	0	0.126	0.178	0.122	0.097	0.258	0.291	0.141	0.065	0.067	0.279	0.675
TCGA.ZF.AA4N.01A.11R.A38B.07	0	0	0.423	0.129	0.141	0.144	0.22	0.244	0.432	0.059	0.128	0	0.069	0.121	0.152	0.203	0.001	0.185	0.345	0.352	0.204	0.061	0.112	0.132	0.722
TCGA.ZF.AA4R.01A.11R.A38B.07	0	0.075	0.353	0.168	0.099	0.151	0.171	0.189	0.39	0.18	0.055	0.031	0.089	0.014	0.129	0.132	0.066	0.153	0.155	0.271	0.143	0.025	0.116	0.2	0.582
TCGA.ZF.AA4T.01A.11R.A38B.07	0	0.014	0.173	0.063	0.119	0.216	0.176	0.018	0.094	0.212	0.014	0.04	0	0.015	0.231	0.097	0.144	0.123	0.104	0.109	0.257	0.013	0.136	0.161	0.533
TCGA.ZF.AA4U.01A.11R.A38B.07	0	0.085	0.266	0.037	0.104	0.124	0.101	0.11	0.24	0.082	0.073	0	0.066	0.023	0.195	0.132	0.101	0.144	0.143	0.056	0.223	0.088	0.087	0.193	0.507
TCGA.ZF.AA4V.01A.11R.A38B.07	0	0.016	0.498	0.135	0.106	0.202	0.174	0.32	0.353	0.186	0.228	0.047	0.071	0	0.195	0.161	0.085	0.148	0.27	0.287	0.092	0.053	0.136	0.288	0.69
TCGA.ZF.AA4W.01A.12R.A38B.07	0	0	0.385	0.108	0.005	0.157	0.237	0.12	0.338	0.175	0	0.009	0.087	0	0.175	0.123	0.098	0.123	0.132	0.326	0.229	0.052	0.058	0.177	0.597
TCGA.ZF.AA4X.01A.11R.A38B.07	0.008	0.061	0.134	0.031	0.099	0.193	0.245	0.053	0.194	0.257	0.107	0.022	0.074	0.04	0.129	0.208	0.107	0.066	0.049	0.198	0.215	0.051	0.165	0.194	0.566
TCGA.ZF.AA51.01A.21R.A39I.07	0	0.062	0.451	0.141	0.171	0.142	0.279	0.256	0.361	0.057	0.328	0.087	0.054	0	0.127	0.177	0.061	0.153	0.297	0.324	0.132	0.043	0.177	0.231	0.73
TCGA.ZF.AA52.01A.12R.A39I.07	0	0	0.42	0.132	0.14	0.111	0.166	0.138	0.409	0.179	0.12	0	0.073	0.143	0.079	0.269	0.103	0.192	0.379	0.326	0.157	0.062	0.152	0.172	0.824
TCGA.ZF.AA53.01A.11R.A39I.07	0	0	0.458	0.146	0.129	0.142	0.178	0.296	0.43	0.1	0.103	0	0.085	0.173	0.132	0.263	0.052	0.204	0.423	0.396	0.131	0.036	0.077	0.179	0.812
TCGA.ZF.AA54.01A.11R.A39I.07	0	0.082	0.41	0.082	0.171	0.172	0.354	0.23	0.261	0.021	0.166	0	0.048	0.134	0.137	0.231	0.053	0.241	0.481	0.165	0.154	0.053	0.142	0.158	0.765
TCGA.ZF.AA56.01A.31R.A39I.07	0	0	0.378	0.071	0.168	0.136	0.273	0.125	0.372	0.141	0.264	0.112	0.031	0.126	0.179	0.182	0.129	0.204	0.319	0.22	0.172	0.004	0.154	0.166	0.728
TCGA.ZF.AA58.01A.12R.A42T.07	0	0	0.542	0.155	0.138	0.102	0.298	0.338	0.385	0.034	0.263	0.025	0.054	0.151	0.103	0.297	0.045	0.12	0.439	0.374	0.117	0.031	0.149	0.182	0.811
TCGA.ZF.AA5H.01A.11R.A39I.07	0	0	0.488	0.127	0.152	0.139	0.278	0.325	0.338	0.085	0.209	0.101	0.08	0.082	0.099	0.297	0.059	0.157	0.304	0.28	0.118	0.056	0.147	0.176	0.723
TCGA.ZF.AA5N.01A.11R.A42T.07	0.045	0.067	0.21	0.068	0.047	0.138	0.095	0.219	0.213	0.081	0.102	0	0.079	0.049	0.076	0.139	0.103	0.154	0.225	0.106	0.275	0.076	0.088	0.052	0.537
TCGA.ZF.AA5P.01A.11R.A39I.07	0	0.025	0.395	0.077	0.166	0.116	0.2	0.115	0.411	0.12	0.183	0.006	0.021	0.174	0.126	0.071	0.199	0.121	0.225	0.355	0.118	0.11	0.209	0.168	0.69
