CD4_naive	CD8_naive	Tc	Tex	Tr1	nTreg	iTreg	Th1	Th2	Th17	Tfh	Tcm	Tem	NKT	MAIT	DC	B_cell	Monocyte	Macrophage	NK	Neutrophil	Tgd	CD4_T	CD8_T	InfiltrationScore
TCGA.4P.AA8J.01A.11R.A39I.07	0	0.059	0.39	0.107	0.135	0.101	0.139	0.223	0.183	0.09	0.219	0.045	0.036	0.148	0.216	0.204	0.065	0.166	0.223	0.236	0.095	0.094	0.182	0.258	0.749
TCGA.BA.4074.01A.01R.1436.07	0	0.096	0.2	0.088	0.127	0.089	0.1	0.113	0.295	0.213	0	0.041	0.068	0.078	0.232	0.227	0.061	0.165	0.207	0.156	0.162	0.045	0.087	0.176	0.651
TCGA.BA.4075.01A.01R.1436.07	0	0	0.195	0.042	0.191	0.043	0.078	0.164	0.217	0.122	0	0.046	0.049	0.158	0.152	0.279	0.088	0.162	0.316	0.237	0.25	0	0.048	0	0.724
TCGA.BA.4076.01A.01R.1436.07	0	0.057	0.223	0.03	0.184	0.11	0.142	0.142	0.037	0.232	0.149	0.048	0.03	0.106	0.242	0.168	0.062	0.124	0.069	0.061	0.208	0.064	0.104	0.215	0.531
TCGA.BA.4077.01B.01R.1436.07	0	0.019	0.385	0.129	0.123	0.117	0.152	0.244	0.232	0.132	0.292	0.108	0.04	0.032	0.223	0.239	0.116	0.111	0.255	0.268	0.113	0.1	0.12	0.241	0.768
TCGA.BA.4078.01A.01R.1436.07	0.02	0.114	0.247	0.032	0.193	0.123	0.195	0.115	0.242	0.158	0.229	0.096	0.038	0	0.182	0.177	0.074	0.155	0.259	0.134	0.118	0.084	0.189	0.251	0.711
TCGA.BA.5149.01A.01R.1514.07	0	0.082	0.336	0.065	0.15	0.147	0.203	0.213	0.102	0.125	0.129	0.061	0.044	0.025	0.226	0.195	0.068	0.144	0.195	0.182	0.169	0.043	0.125	0.191	0.666
TCGA.BA.5151.01A.01R.1436.07	0	0.084	0.31	0.022	0.215	0.114	0.18	0.125	0.145	0.191	0.203	0.135	0	0.074	0.247	0.209	0.079	0.157	0.243	0.148	0.248	0.009	0.134	0.207	0.748
TCGA.BA.5152.01A.02R.1873.07	0	0.052	0.419	0.085	0.162	0.134	0.166	0.194	0.174	0.103	0.252	0.071	0.021	0.011	0.238	0.239	0.073	0.125	0.233	0.249	0.145	0.137	0.14	0.29	0.784
TCGA.BA.5153.01A.01R.1436.07	0	0.029	0.447	0.111	0.191	0.073	0.199	0.215	0.193	0.169	0.396	0.119	0	0	0.157	0.137	0.143	0.085	0.092	0.316	0.083	0.165	0.155	0.314	0.695
TCGA.BA.5555.01A.01R.1514.07	0	0.092	0.325	0.103	0.166	0.157	0.175	0.211	0.127	0.142	0.11	0.074	0.029	0.016	0.236	0.195	0.099	0.107	0.15	0.195	0.15	0.119	0.126	0.278	0.682
TCGA.BA.5556.01A.01R.1514.07	0	0.025	0.436	0.133	0.192	0.115	0.2	0.255	0.183	0.103	0.29	0.127	0	0.003	0.198	0.201	0.11	0.1	0.182	0.317	0.109	0.14	0.114	0.332	0.768
TCGA.BA.5557.01A.01R.1514.07	0	0.007	0.397	0.087	0.179	0.109	0.193	0.175	0.148	0.172	0.262	0.084	0	0.076	0.235	0.265	0.033	0.208	0.38	0.246	0.217	0.039	0.112	0.234	0.889
TCGA.BA.5558.01A.01R.1514.07	0	0.049	0.426	0.074	0.191	0.141	0.18	0.234	0.152	0.161	0.139	0.04	0.001	0.077	0.226	0.219	0.064	0.159	0.291	0.241	0.202	0.076	0.059	0.291	0.8
TCGA.BA.5559.01A.01R.1514.07	0	0.025	0.404	0.155	0.202	0.08	0.256	0.233	0.167	0.101	0.306	0.105	0	0.127	0.146	0.195	0.11	0.159	0.254	0.225	0.077	0.115	0.172	0.293	0.78
TCGA.BA.6868.01B.12R.1915.07	0.007	0.098	0.311	0.057	0.123	0.086	0.096	0.118	0.213	0.162	0.08	0.056	0.011	0.083	0.177	0.143	0.067	0.109	0.057	0.181	0.225	0.099	0.127	0.15	0.556
TCGA.BA.6869.01A.11R.1873.07	0	0.075	0.364	0.074	0.161	0.088	0.082	0.221	0.196	0.192	0.218	0.038	0.093	0	0.223	0.106	0.101	0.08	0.065	0.288	0.17	0.149	0.054	0.255	0.587
TCGA.BA.6870.01A.11R.1873.07	0	0.101	0.287	0.049	0.222	0.111	0.141	0.048	0.205	0.166	0.222	0.109	0.005	0.067	0.264	0.178	0.179	0.071	0.049	0.244	0.161	0.104	0.131	0.281	0.679
TCGA.BA.6871.01A.11R.1873.07	0	0.115	0.415	0.127	0.165	0.076	0.158	0.241	0.226	0.12	0.244	0.076	0.002	0.005	0.188	0.132	0.054	0.206	0.216	0.235	0.167	0.144	0.151	0.234	0.732
TCGA.BA.6872.01A.11R.1873.07	0	0.055	0.307	0.038	0.153	0.066	0.116	0.123	0.185	0.223	0.099	0.073	0	0.094	0.281	0.256	0.049	0.166	0.169	0.18	0.194	0.051	0.117	0.229	0.713
TCGA.BA.6873.01A.11R.1873.07	0	0.072	0.371	0.069	0.141	0.08	0.241	0.277	0.16	0.114	0.137	0.036	0.051	0.098	0.228	0.19	0.038	0.136	0.146	0.208	0.139	0.079	0.128	0.235	0.64
TCGA.BA.7269.01A.11R.2016.07	0	0.095	0.358	0.1	0.155	0.05	0.009	0.15	0.244	0.125	0.144	0	0.016	0.091	0.275	0.178	0.028	0.199	0.162	0.243	0.137	0.097	0.077	0.281	0.686
TCGA.BA.A4IF.01A.11R.A266.07	0	0.124	0.24	0.039	0.088	0.042	0.159	0.085	0.121	0.186	0.039	0.037	0.026	0.118	0.274	0.116	0.112	0.131	0.05	0.187	0.175	0.13	0.141	0.175	0.57
TCGA.BA.A4IG.01A.11R.A266.07	0	0.049	0.352	0.065	0.165	0.065	0.15	0.223	0.187	0.136	0.358	0.159	0.059	0	0.22	0.166	0.177	0.077	0.075	0.203	0.094	0.125	0.174	0.3	0.664
TCGA.BA.A4IH.01A.11R.A266.07	0	0.085	0.377	0.125	0.141	0.091	0.158	0.204	0.233	0.137	0.288	0.087	0.059	0.019	0.223	0.116	0.075	0.139	0.135	0.173	0.097	0.09	0.171	0.229	0.595
TCGA.BA.A4II.01A.11R.A266.07	0	0.08	0.353	0.09	0.176	0.133	0.138	0.222	0.11	0.14	0.235	0.087	0.045	0.05	0.249	0.197	0.064	0.146	0.176	0.257	0.211	0.013	0.138	0.249	0.754
TCGA.BA.A6D8.01A.31R.A31N.07	0	0.099	0.27	0.086	0.122	0	0	0.078	0.291	0.179	0.127	0	0.007	0.124	0.257	0.181	0.113	0.212	0.247	0.218	0.189	0.076	0.131	0.198	0.781
TCGA.BA.A6DA.01A.31R.A31N.07	0	0	0.376	0.139	0.069	0.072	0.019	0.266	0.187	0.21	0.128	0	0.069	0.102	0.243	0.16	0.08	0.148	0.155	0.34	0.233	0.035	0.091	0.28	0.78
TCGA.BA.A6DB.01A.11R.A30B.07	0	0.048	0.408	0.074	0.141	0.055	0.203	0.211	0.108	0.136	0.366	0.093	0	0.139	0.255	0.209	0.078	0.077	0.176	0.272	0.044	0.176	0.191	0.367	0.742
TCGA.BA.A6DD.01A.12R.A31N.07	0	0.055	0.4	0.125	0.155	0.073	0.092	0.272	0.196	0.098	0.311	0.107	0.047	0.042	0.262	0.191	0.096	0.139	0.158	0.261	0.113	0.114	0.155	0.267	0.724
TCGA.BA.A6DE.01A.22R.A31N.07	0	0.076	0.273	0.096	0.065	0.077	0.154	0.205	0.151	0.195	0.201	0.051	0.094	0.05	0.145	0.177	0.074	0.098	0.047	0.172	0.207	0.113	0.09	0.238	0.579
TCGA.BA.A6DG.01A.21R.A30B.07	0	0.115	0.395	0.023	0.155	0.081	0.187	0.126	0.229	0.161	0.164	0.073	0.014	0.122	0.235	0.191	0.002	0.217	0.263	0.261	0.168	0.054	0.168	0.198	0.769
TCGA.BA.A6DI.01A.11R.A30B.07	0.009	0.086	0.219	0.065	0.067	0.081	0.145	0.172	0.127	0.227	0.165	0.032	0.064	0.066	0.275	0.146	0.07	0.109	0.044	0.154	0.189	0.064	0.149	0.213	0.564
TCGA.BA.A6DJ.01A.11R.A30B.07	0	0.082	0.439	0.11	0.124	0.128	0.174	0.275	0.172	0.147	0.218	0.047	0.046	0.051	0.176	0.209	0.033	0.083	0.173	0.307	0.155	0.075	0.098	0.269	0.697
TCGA.BA.A6DL.01A.21R.A30B.07	0	0.066	0.285	0.107	0.091	0.068	0.056	0.231	0.255	0.195	0.123	0.041	0.104	0.086	0.198	0.079	0.12	0.065	0.013	0.243	0.182	0.077	0.126	0.25	0.565
TCGA.BA.A8YP.01A.11R.A39I.07	0.016	0.105	0.135	0.021	0.211	0.061	0.17	0.068	0.07	0.172	0.14	0.041	0	0.15	0.128	0.262	0.08	0.205	0.285	0.052	0.15	0.032	0.141	0.103	0.671
TCGA.BB.4217.01A.11R.2081.07	0	0.077	0.337	0.041	0.243	0.072	0.176	0.157	0.22	0.097	0.399	0.184	0	0	0.279	0.063	0.272	0.042	0.013	0.253	0.051	0.102	0.247	0.307	0.655
TCGA.BB.4223.01A.01R.1436.07	0	0.081	0.419	0.118	0.184	0.12	0.235	0.253	0.145	0.079	0.354	0.169	0.022	0	0.128	0.136	0.167	0.135	0.121	0.237	0.08	0.124	0.19	0.285	0.708
TCGA.BB.4224.01A.01R.1436.07	0	0.141	0.243	0.091	0.129	0.071	0.012	0.157	0.061	0.105	0.077	0.007	0.059	0.055	0.224	0.246	0.145	0.235	0.234	0.065	0.177	0.046	0.064	0.185	0.709
TCGA.BB.4225.01A.01R.1436.07	0	0.015	0.442	0.062	0.173	0.14	0.242	0.212	0.204	0.172	0.387	0.128	0	0	0.09	0.194	0.121	0.069	0.131	0.27	0.081	0.205	0.183	0.31	0.713
TCGA.BB.4227.01A.01R.1873.07	0	0.012	0.285	0.065	0.18	0.15	0.115	0.049	0.169	0.164	0.094	0.027	0.042	0.098	0.233	0.247	0.051	0.194	0.234	0.152	0.228	0.046	0.094	0.155	0.71
TCGA.BB.4228.01A.01R.1436.07	0	0.09	0.375	0.098	0.174	0.109	0.193	0.199	0.229	0.122	0.255	0.065	0.03	0.004	0.127	0.216	0.096	0.15	0.197	0.144	0.144	0.12	0.082	0.225	0.657
TCGA.BB.7861.01A.11R.2232.07	0	0.034	0.413	0.161	0.214	0.07	0.176	0.236	0.145	0.146	0.351	0.139	0.002	0.002	0.212	0.207	0.166	0.063	0.21	0.275	0.058	0.141	0.2	0.311	0.782
TCGA.BB.7862.01A.21R.2232.07	0	0.121	0.293	0.058	0.167	0.113	0.154	0.091	0.21	0.196	0.091	0.079	0	0.022	0.23	0.211	0.064	0.272	0.226	0.142	0.175	0.046	0.119	0.18	0.729
TCGA.BB.7863.01A.11R.2232.07	0	0.106	0.279	0.076	0.136	0.116	0.136	0.155	0.044	0.233	0.059	0.02	0.042	0.078	0.203	0.225	0.056	0.122	0.109	0.175	0.236	0.033	0.092	0.179	0.626
TCGA.BB.7864.01A.11R.2232.07	0	0.111	0.239	0.032	0.106	0.091	0.086	0.111	0.188	0.195	0.047	0.058	0.014	0	0.239	0.173	0.15	0.115	0.053	0.145	0.203	0.098	0.027	0.226	0.573
TCGA.BB.7866.01A.11R.2232.07	0	0.088	0.369	0.119	0.2	0.111	0.153	0.246	0.141	0.1	0.294	0.138	0.034	0.017	0.153	0.193	0.162	0.186	0.226	0.181	0.127	0.107	0.148	0.228	0.761
TCGA.BB.7870.01A.11R.2232.07	0	0.057	0.336	0.114	0.081	0.121	0.109	0.215	0.174	0.209	0.182	0.005	0.064	0.013	0.197	0.145	0.102	0.063	0.022	0.173	0.154	0.144	0.059	0.332	0.551
TCGA.BB.7871.01A.11R.2232.07	0	0.119	0.281	0.05	0.175	0.09	0.073	0.122	0.307	0.157	0.066	0.065	0	0.104	0.184	0.31	0.061	0.211	0.273	0.095	0.113	0.093	0.1	0.236	0.734
TCGA.BB.7872.01A.11R.2232.07	0	0.058	0.339	0.124	0.152	0.155	0.189	0.249	0.228	0.057	0.118	0.022	0.085	0.059	0.206	0.245	0.058	0.067	0.152	0.214	0.148	0.045	0.104	0.285	0.668
TCGA.BB.8596.01A.11R.2403.07	0	0.095	0.298	0.051	0.182	0.076	0.198	0.072	0.18	0.168	0.26	0.089	0	0.106	0.227	0.242	0.068	0.224	0.295	0.239	0.079	0.069	0.217	0.197	0.819
TCGA.BB.8601.01A.11R.2403.07	0	0.088	0.084	0.005	0.099	0.062	0.001	0.106	0.218	0.185	0.126	0.087	0.047	0.038	0.194	0.078	0.125	0.102	0.039	0.162	0.208	0.07	0.104	0.156	0.511
TCGA.BB.A5HU.01A.11R.A28V.07	0.013	0.127	0.258	0.057	0.173	0.106	0.168	0.125	0.033	0.19	0.11	0.063	0.007	0.095	0.236	0.184	0.046	0.2	0.178	0.09	0.167	0.013	0.137	0.219	0.64
TCGA.BB.A5HY.01A.11R.A28V.07	0	0.089	0.282	0.118	0.169	0.114	0.179	0.198	0.167	0.074	0.084	0.052	0.026	0.074	0.179	0.193	0.007	0.109	0.094	0.187	0.193	0.081	0.118	0.137	0.544
TCGA.BB.A5HZ.01A.21R.A28V.07	0.006	0.104	0.242	0.061	0.128	0.034	0.055	0.041	0.174	0.221	0.069	0.045	0.029	0.077	0.216	0.145	0.09	0.146	0.104	0.12	0.212	0.064	0.129	0.24	0.622
TCGA.BB.A6UM.01A.12R.A34R.07	0	0.05	0.439	0.154	0.133	0.116	0.154	0.25	0.19	0.115	0.287	0.023	0.074	0	0.18	0.159	0.095	0.087	0.13	0.274	0.124	0.132	0.104	0.336	0.686
TCGA.BB.A6UO.01A.12R.A34R.07	0	0.095	0.354	0.087	0.136	0.106	0.134	0.143	0.144	0.148	0.034	0.023	0.043	0.048	0.231	0.223	0.021	0.214	0.255	0.213	0.142	0.095	0.053	0.194	0.69
TCGA.C9.A47Z.01A.11R.A24H.07	0	0.064	0.338	0.08	0.146	0.095	0.218	0.204	0.142	0.172	0.018	0.021	0.062	0.049	0.234	0.241	0.065	0.123	0.127	0.208	0.188	0.037	0.107	0.218	0.67
TCGA.C9.A480.01A.12R.A24H.07	0.003	0.08	0.344	0.1	0.063	0.087	0.15	0.307	0.128	0.209	0.109	0.01	0.072	0.072	0.215	0.21	0.065	0.073	0.104	0.219	0.139	0.1	0.096	0.236	0.599
TCGA.CN.4722.01A.01R.1436.07	0	0.075	0.301	0.002	0.23	0.057	0.166	0.085	0.162	0.186	0.261	0.145	0.024	0.064	0.281	0.12	0.099	0.131	0.129	0.173	0.159	0.066	0.183	0.316	0.686
TCGA.CN.4723.01A.01R.1436.07	0	0.088	0.353	0.118	0.19	0.103	0.208	0.255	0.215	0.088	0.174	0.044	0	0.065	0.225	0.172	0.081	0.165	0.193	0.304	0.138	0.075	0.145	0.253	0.761
TCGA.CN.4725.01A.01R.1436.07	0	0.105	0.206	0.041	0.144	0.096	0.165	0.177	0	0.203	0	0.046	0	0.115	0.256	0.227	0.052	0.142	0.138	0.189	0.195	0	0.115	0.207	0.663
TCGA.CN.4726.01A.01R.1436.07	0	0.055	0.294	0.077	0.194	0.084	0.128	0.053	0.208	0.204	0	0.092	0.036	0.018	0.243	0.227	0.061	0.186	0.284	0.191	0.248	0	0.071	0.21	0.775
TCGA.CN.4727.01A.01R.1436.07	0.036	0.058	0.079	0.027	0.126	0.077	0.055	0.072	0.078	0.219	0.009	0.116	0.008	0.045	0.116	0.128	0.037	0.158	0.122	0.144	0.3	0.067	0.113	0.052	0.552
TCGA.CN.4728.01A.01R.1436.07	0	0.072	0.389	0.079	0.19	0.133	0.229	0.165	0.159	0.117	0.251	0.095	0	0.066	0.183	0.279	0.036	0.212	0.37	0.221	0.082	0.085	0.182	0.276	0.869
TCGA.CN.4729.01A.01R.1436.07	0	0.087	0.287	0.058	0.206	0.144	0.205	0.104	0.189	0.212	0.226	0.084	0	0.095	0.244	0.186	0.095	0.102	0.108	0.217	0.191	0.016	0.158	0.245	0.682
TCGA.CN.4730.01A.01R.1436.07	0	0.084	0.223	0.064	0.146	0.084	0.071	0.062	0.083	0.221	0	0.073	0	0.115	0.199	0.217	0.084	0.152	0.169	0.044	0.233	0.021	0.039	0.223	0.609
TCGA.CN.4731.01A.01R.1436.07	0	0.052	0.302	0.141	0.092	0.075	0.083	0.036	0.205	0.214	0	0	0	0.127	0.247	0.206	0.079	0.161	0.15	0.167	0.198	0.091	0.018	0.27	0.656
TCGA.CN.4733.01A.02R.1873.07	0	0.029	0.401	0.138	0.26	0.109	0.221	0.222	0.136	0.054	0.365	0.109	0	0.078	0.216	0.211	0.126	0.077	0.224	0.28	0.075	0.123	0.183	0.314	0.781
TCGA.CN.4734.01A.01R.1436.07	0	0.053	0.439	0.095	0.145	0.1	0.191	0.315	0.197	0.147	0.27	0.113	0.003	0.002	0.269	0.197	0.071	0.137	0.213	0.278	0.112	0.062	0.131	0.232	0.719
TCGA.CN.4735.01A.01R.1436.07	0	0.02	0.392	0.106	0.149	0.086	0.19	0.275	0.206	0.206	0.248	0.067	0.003	0.082	0.183	0.23	0.1	0.164	0.223	0.262	0.104	0.081	0.173	0.225	0.776
TCGA.CN.4736.01A.01R.1436.07	0	0.021	0.433	0.126	0.13	0.092	0.238	0.277	0.136	0.072	0.274	0.056	0.018	0.128	0.219	0.243	0.054	0.172	0.289	0.248	0.094	0.099	0.121	0.313	0.804
TCGA.CN.4737.01A.01R.1436.07	0	0.081	0.334	0.063	0.189	0.072	0.22	0.085	0.148	0.141	0.096	0.031	0	0.155	0.235	0.228	0.05	0.226	0.248	0.206	0.15	0.004	0.145	0.197	0.761
TCGA.CN.4738.01A.02R.1514.07	0	0.062	0.353	0.081	0.176	0.086	0.191	0.227	0.163	0.193	0.292	0.101	0.022	0.012	0.203	0.153	0.08	0.169	0.205	0.213	0.117	0.108	0.201	0.267	0.737
TCGA.CN.4739.01A.02R.1514.07	0	0.068	0.395	0.066	0.191	0.115	0.217	0.123	0.156	0.111	0.303	0.143	0	0.054	0.167	0.067	0.159	0.139	0.116	0.235	0.162	0.126	0.195	0.319	0.73
TCGA.CN.4740.01A.01R.1436.07	0	0.069	0.402	0.107	0.176	0.063	0.211	0.18	0.091	0.123	0.22	0.067	0	0.114	0.229	0.217	0.052	0.208	0.348	0.252	0.114	0.143	0.146	0.251	0.833
TCGA.CN.4741.01A.01R.1436.07	0	0.099	0.357	0.039	0.153	0.104	0.168	0.116	0.214	0.109	0.234	0.053	0.038	0.022	0.236	0.128	0.118	0.131	0.146	0.192	0.135	0.132	0.159	0.266	0.669
TCGA.CN.4742.01A.02R.1514.07	0	0.094	0.305	0.054	0.201	0.121	0.208	0.062	0.114	0.203	0.072	0.079	0	0.136	0.233	0.208	0.099	0.188	0.225	0.155	0.179	0.029	0.129	0.215	0.733
TCGA.CN.5355.01A.01R.1436.07	0	0.096	0.29	0.022	0.224	0.083	0.204	0.058	0.154	0.217	0.134	0.092	0	0.122	0.259	0.123	0.096	0.182	0.157	0.113	0.155	0.033	0.157	0.218	0.629
TCGA.CN.5356.01A.01R.1436.07	0	0.108	0.318	0.032	0.213	0.097	0.184	0.076	0.172	0.169	0.186	0.118	0	0.053	0.219	0.088	0.116	0.145	0.142	0.179	0.162	0.119	0.124	0.301	0.66
TCGA.CN.5358.01A.01R.1514.07	0	0.038	0.38	0.109	0.256	0.09	0.23	0.179	0.149	0.112	0.332	0.112	0	0.118	0.211	0.214	0.119	0.163	0.295	0.254	0.1	0.069	0.183	0.32	0.865
TCGA.CN.5359.01A.01R.1436.07	0	0.066	0.391	0.084	0.213	0.083	0.222	0.189	0.181	0.113	0.269	0.137	0	0.057	0.199	0.174	0.067	0.172	0.314	0.268	0.154	0.074	0.179	0.289	0.848
TCGA.CN.5360.01A.01R.1436.07	0	0.041	0.388	0.11	0.207	0.081	0.231	0.204	0.172	0.105	0.306	0.112	0	0.081	0.214	0.178	0.081	0.124	0.245	0.252	0.083	0.114	0.191	0.314	0.77
TCGA.CN.5361.01A.01R.1436.07	0	0.078	0.353	0.114	0.165	0.1	0.134	0.188	0.248	0.155	0.03	0.026	0.064	0	0.22	0.222	0.053	0.213	0.237	0.229	0.138	0.095	0.105	0.256	0.763
TCGA.CN.5363.01A.01R.1436.07	0	0.057	0.386	0.134	0.137	0.081	0.175	0.264	0.159	0.118	0.123	0.073	0.059	0.109	0.172	0.228	0.088	0.154	0.228	0.203	0.144	0.082	0.106	0.22	0.718
TCGA.CN.5364.01A.01R.1436.07	0	0.076	0.325	0.056	0.097	0.108	0.195	0.118	0.158	0.105	0.159	0.066	0.019	0.077	0.248	0.252	0.075	0.185	0.278	0.247	0.131	0.081	0.137	0.226	0.803
TCGA.CN.5365.01A.01R.1436.07	0	0.035	0.391	0.128	0.136	0.105	0.097	0.299	0.19	0.094	0.074	0.003	0.068	0.083	0.219	0.242	0.057	0.164	0.305	0.23	0.173	0.102	0.04	0.28	0.782
TCGA.CN.5366.01A.01R.1436.07	0	0.081	0.376	0.121	0.136	0.102	0.188	0.264	0.168	0.111	0.115	0.064	0.039	0.083	0.202	0.198	0.063	0.177	0.24	0.236	0.132	0.094	0.098	0.25	0.731
TCGA.CN.5367.01A.01R.1436.07	0	0.086	0.249	0.038	0.154	0.063	0.109	0.143	0.165	0.203	0.02	0.058	0.039	0.112	0.208	0.274	0.084	0.182	0.278	0.048	0.17	0.056	0.092	0.179	0.685
TCGA.CN.5369.01A.01R.1436.07	0	0.041	0.408	0.152	0.178	0.089	0.155	0.256	0.173	0.088	0.275	0.094	0.015	0.073	0.238	0.194	0.096	0.146	0.221	0.324	0.128	0.098	0.15	0.285	0.81
TCGA.CN.5370.01A.01R.2016.07	0	0.057	0.427	0.101	0.155	0.074	0.246	0.235	0.126	0.151	0.211	0.051	0	0.129	0.191	0.245	0.063	0.181	0.361	0.238	0.124	0.048	0.143	0.213	0.823
TCGA.CN.5373.01A.01R.1436.07	0	0.047	0.358	0.098	0.186	0.124	0.219	0.218	0.152	0.12	0.246	0.112	0.025	0.074	0.213	0.227	0.079	0.152	0.22	0.21	0.137	0.057	0.161	0.301	0.78
TCGA.CN.5374.01A.01R.1436.07	0	0.084	0.403	0.071	0.164	0.07	0.203	0.248	0.189	0.118	0.369	0.13	0.035	0	0.209	0.091	0.202	0.089	0.071	0.27	0.062	0.116	0.204	0.33	0.692
TCGA.CN.6010.01A.11R.1686.07	0	0.103	0.338	0.045	0.173	0.087	0.215	0.117	0.243	0.163	0.184	0.11	0.005	0.018	0.209	0.132	0.118	0.138	0.117	0.259	0.125	0.135	0.153	0.235	0.67
TCGA.CN.6011.01A.11R.1686.07	0	0.049	0.396	0.097	0.109	0.092	0.065	0.244	0.197	0.126	0.065	0.013	0.079	0.045	0.201	0.198	0.043	0.179	0.257	0.349	0.195	0.099	0.069	0.23	0.798
TCGA.CN.6012.01A.11R.1686.07	0	0.076	0.397	0.107	0.208	0.099	0.147	0.22	0.216	0.101	0.279	0.099	0.017	0.021	0.162	0.184	0.095	0.144	0.245	0.306	0.137	0.099	0.164	0.301	0.827
TCGA.CN.6013.01A.11R.1686.07	0	0.008	0.436	0.143	0.164	0.121	0.228	0.261	0.145	0.055	0.341	0.092	0.006	0.072	0.199	0.237	0.088	0.18	0.294	0.232	0.109	0.097	0.136	0.287	0.82
TCGA.CN.6016.01A.11R.1686.07	0	0.072	0.343	0.057	0.166	0.106	0.255	0.091	0.18	0.148	0.174	0.021	0	0.12	0.267	0.228	0.029	0.199	0.272	0.252	0.086	0.083	0.145	0.283	0.784
TCGA.CN.6017.01A.11R.1686.07	0	0.015	0.451	0.106	0.192	0.075	0.208	0.223	0.142	0.11	0.334	0.077	0	0.153	0.277	0.177	0.097	0.089	0.265	0.35	0.064	0.117	0.19	0.305	0.805
TCGA.CN.6018.01A.11R.1686.07	0	0.052	0.404	0.088	0.195	0.107	0.254	0.21	0.11	0.105	0.155	0.054	0.011	0.112	0.189	0.207	0.056	0.161	0.308	0.226	0.136	0.09	0.116	0.248	0.765
TCGA.CN.6019.01A.11R.1686.07	0	0.056	0.402	0.091	0.158	0.094	0.196	0.148	0.204	0.108	0.279	0.054	0	0.131	0.238	0.27	0.018	0.209	0.362	0.329	0.096	0.073	0.168	0.263	0.9
TCGA.CN.6020.01A.11R.1686.07	0	0.108	0.34	0.065	0.18	0.135	0.201	0.091	0.119	0.179	0.142	0.069	0	0.056	0.223	0.22	0.049	0.182	0.276	0.174	0.212	0.036	0.107	0.201	0.746
TCGA.CN.6021.01A.11R.1686.07	0	0.092	0.29	0.035	0.228	0.08	0.103	0.092	0.248	0.135	0.272	0.132	0	0.023	0.264	0.143	0.171	0.089	0.144	0.182	0.204	0.079	0.105	0.31	0.708
TCGA.CN.6022.01A.21R.1686.07	0	0.092	0.329	0.062	0.195	0.115	0.231	0.073	0.061	0.141	0.094	0.03	0	0.209	0.246	0.23	0.065	0.196	0.326	0.147	0.154	0.036	0.141	0.206	0.768
TCGA.CN.6023.01A.11R.1686.07	0	0	0.349	0.147	0.166	0.086	0.231	0.25	0.217	0.049	0.293	0.137	0.043	0	0.126	0.133	0.084	0.129	0.235	0.265	0.11	0.181	0.156	0.31	0.746
TCGA.CN.6024.01A.11R.1686.07	0	0.098	0.173	0.058	0.16	0.047	0.142	0.052	0	0.243	0	0.042	0	0.089	0.19	0.226	0.043	0.194	0.158	0.118	0.218	0	0.088	0.124	0.613
TCGA.CN.6988.01A.11R.1915.07	0	0.095	0.26	0.013	0.105	0.126	0.053	0.093	0.073	0.208	0.048	0.026	0.027	0.013	0.181	0.169	0.125	0.141	0.089	0.063	0.243	0.118	0.031	0.228	0.571
TCGA.CN.6989.01A.11R.1915.07	0	0.093	0.314	0.017	0.216	0.074	0.248	0.125	0.126	0.205	0.096	0.058	0	0.106	0.193	0.319	0.052	0.219	0.358	0.195	0.12	0.041	0.169	0.143	0.825
TCGA.CN.6992.01A.11R.1915.07	0	0.135	0.265	0.054	0.215	0.13	0.207	0.067	0.226	0.186	0.139	0.08	0	0.013	0.202	0.201	0.081	0.138	0.213	0.215	0.149	0.067	0.171	0.212	0.724
TCGA.CN.6994.01A.11R.1915.07	0	0.122	0.32	0.087	0.176	0.091	0.145	0.152	0.166	0.142	0.148	0.065	0.015	0.035	0.227	0.24	0.061	0.259	0.248	0.139	0.13	0.05	0.09	0.252	0.744
TCGA.CN.6995.01A.31R.2016.07	0	0.043	0.448	0.134	0.138	0.101	0.223	0.273	0.168	0.045	0.259	0.059	0.028	0.047	0.227	0.194	0.063	0.158	0.276	0.24	0.114	0.101	0.08	0.274	0.734
TCGA.CN.6996.01A.11R.1915.07	0	0.032	0.389	0.101	0.198	0.091	0.249	0.25	0.15	0.109	0.228	0.077	0.01	0.132	0.204	0.282	0.08	0.124	0.263	0.229	0.116	0.055	0.159	0.285	0.807
TCGA.CN.6997.01A.11R.2016.07	0	0.065	0.297	0.038	0.158	0.066	0.1	0.132	0.245	0.136	0.13	0.087	0.018	0.064	0.209	0.234	0.075	0.18	0.21	0.193	0.159	0.112	0.134	0.162	0.707
TCGA.CN.6998.01A.23R.2016.07	0	0.057	0.373	0.095	0.15	0.133	0.266	0.215	0.029	0.167	0.034	0.049	0.047	0.062	0.206	0.252	0.043	0.144	0.188	0.198	0.192	0.015	0.068	0.195	0.671
TCGA.CN.A497.01A.11R.A24H.07	0	0.115	0.319	0.106	0.201	0.071	0.157	0.213	0.126	0.161	0.3	0.076	0.012	0.038	0.182	0.176	0.089	0.121	0.143	0.224	0.135	0.092	0.159	0.274	0.692
TCGA.CN.A498.01A.11R.A24H.07	0	0.075	0.287	0.121	0.154	0.103	0.2	0.212	0.152	0.164	0.151	0.058	0.074	0.055	0.205	0.174	0.116	0.142	0.111	0.197	0.157	0.015	0.11	0.238	0.653
TCGA.CN.A499.01A.11R.A24H.07	0	0.026	0.436	0.147	0.163	0.091	0.139	0.306	0.183	0.108	0.255	0.117	0.048	0.018	0.183	0.212	0.094	0.15	0.219	0.235	0.136	0.119	0.131	0.266	0.757
TCGA.CN.A49A.01A.11R.A24H.07	0	0.128	0.205	0.092	0.124	0.043	0.042	0.058	0.071	0.185	0.091	0.05	0	0	0.207	0.109	0.13	0.179	0.098	0.184	0.193	0.084	0.174	0.143	0.634
TCGA.CN.A49B.01A.31R.A24H.07	0	0.032	0.409	0.124	0.143	0.105	0.152	0.269	0.176	0.162	0.316	0.117	0.019	0.039	0.174	0.261	0.063	0.202	0.275	0.24	0.121	0.109	0.136	0.238	0.807
TCGA.CN.A49C.01A.11R.A24H.07	0	0.064	0.375	0.094	0.139	0.105	0.095	0.199	0.155	0.141	0.226	0.011	0.095	0	0.216	0.16	0.129	0.155	0.158	0.259	0.151	0.122	0.131	0.275	0.744
TCGA.CN.A63T.01A.11R.A28V.07	0	0.05	0.423	0.094	0.15	0.107	0.135	0.259	0.149	0.156	0.261	0.092	0.031	0.098	0.187	0.197	0.063	0.133	0.226	0.281	0.131	0.11	0.131	0.286	0.759
TCGA.CN.A63U.01A.11R.A30B.07	0.022	0.104	0.171	0.042	0.082	0.083	0.029	0.097	0.066	0.156	0.106	0	0.033	0.156	0.189	0.106	0.151	0.113	0.043	0.158	0.231	0.06	0.176	0.163	0.6
TCGA.CN.A63V.01A.11R.A466.07	0	0.108	0.319	0.042	0.163	0.097	0.153	0.064	0.18	0.137	0.149	0.051	0.038	0.09	0.24	0.107	0.037	0.227	0.237	0.168	0.181	0.128	0.134	0.222	0.689
TCGA.CN.A63W.01A.11R.A30B.07	0	0.074	0.337	0.109	0.026	0.095	0.064	0.237	0.199	0.237	0.068	0	0.062	0.073	0.216	0.185	0.031	0.1	0.096	0.289	0.167	0.127	0.042	0.271	0.62
TCGA.CN.A641.01A.11R.A30B.07	0	0.075	0.196	0	0.118	0.08	0.038	0.056	0.128	0.215	0.145	0.043	0.054	0.173	0.237	0.181	0.108	0.127	0.107	0.021	0.235	0.1	0.082	0.304	0.611
TCGA.CN.A642.01A.12R.A30B.07	0	0.038	0.418	0.109	0.119	0.105	0.131	0.298	0.203	0.096	0.226	0.034	0.057	0.072	0.199	0.164	0.042	0.146	0.241	0.291	0.12	0.139	0.097	0.234	0.7
TCGA.CN.A6UY.01A.12R.A34R.07	0	0.037	0.472	0.138	0.128	0.105	0.094	0.27	0.212	0.212	0.346	0.051	0.052	0	0.153	0.183	0.138	0.079	0.145	0.272	0.079	0.154	0.16	0.374	0.75
TCGA.CN.A6V1.01A.12R.A34R.07	0	0.025	0.457	0.178	0.165	0.067	0.144	0.25	0.179	0.001	0.39	0.056	0.013	0	0.194	0.15	0.357	0.039	0.203	0.291	0	0.177	0.194	0.386	0.85
TCGA.CN.A6V3.01A.12R.A34R.07	0	0.071	0.391	0.131	0.13	0.067	0.163	0.238	0.219	0.206	0.208	0.086	0.034	0.031	0.188	0.185	0.103	0.085	0.109	0.29	0.131	0.051	0.114	0.294	0.688
TCGA.CN.A6V6.01A.12R.A34R.07	0	0.052	0.41	0.161	0.139	0.082	0.214	0.239	0.183	0.15	0.378	0.089	0.018	0.04	0.188	0.125	0.105	0.102	0.177	0.239	0.075	0.112	0.152	0.294	0.665
TCGA.CN.A6V7.01A.12R.A34R.07	0	0.079	0.317	0.12	0.131	0.097	0.102	0.25	0.204	0.086	0.275	0	0.101	0	0.179	0.159	0.103	0.132	0.162	0.214	0.126	0.171	0.145	0.241	0.672
TCGA.CQ.5323.01A.01R.1686.07	0	0.069	0.375	0.098	0.184	0.074	0.156	0.235	0.194	0.171	0.253	0.11	0.048	0.017	0.217	0.138	0.12	0.11	0.123	0.2	0.158	0.041	0.149	0.287	0.674
TCGA.CQ.5324.01A.01R.1686.07	0	0.05	0.423	0.151	0.137	0.115	0.17	0.247	0.218	0.106	0.145	0.05	0.04	0.012	0.224	0.197	0.073	0.148	0.207	0.284	0.167	0.042	0.072	0.224	0.72
TCGA.CQ.5325.01A.01R.1686.07	0	0.014	0.413	0.118	0.185	0.066	0.239	0.233	0.178	0.077	0.298	0.117	0	0.129	0.24	0.232	0.111	0.093	0.251	0.261	0.089	0.122	0.142	0.32	0.786
TCGA.CQ.5326.01A.01R.1873.07	0	0.069	0.336	0.11	0.135	0.136	0.171	0.177	0.163	0.199	0	0.029	0	0.097	0.199	0.297	0.027	0.205	0.347	0.224	0.227	0.035	0.007	0.114	0.76
TCGA.CQ.5327.01A.01R.1686.07	0	0.032	0.437	0.103	0.124	0.102	0.216	0.284	0.183	0.087	0.223	0.087	0.043	0.091	0.16	0.203	0.088	0.152	0.304	0.254	0.122	0.076	0.112	0.309	0.81
TCGA.CQ.5329.01A.01R.1686.07	0	0.052	0.339	0.114	0.157	0.104	0.242	0.28	0.105	0.107	0.153	0.066	0.052	0.116	0.189	0.24	0.054	0.153	0.26	0.228	0.125	0.072	0.121	0.23	0.74
TCGA.CQ.5330.01A.01R.1686.07	0	0.067	0.375	0.115	0.147	0.115	0.251	0.254	0.068	0.077	0.158	0.047	0.005	0.14	0.243	0.216	0.092	0.165	0.29	0.185	0.11	0.115	0.132	0.249	0.755
TCGA.CQ.5331.01A.02R.1873.07	0	0.036	0.426	0.141	0.158	0.094	0.197	0.298	0.188	0.11	0.225	0.119	0.003	0.017	0.192	0.202	0.106	0.102	0.271	0.295	0.148	0.064	0.114	0.32	0.817
TCGA.CQ.5332.01A.01R.1686.07	0	0.144	0.317	0.076	0.225	0.054	0.157	0.128	0.236	0.164	0.103	0.065	0	0.003	0.208	0.212	0.056	0.226	0.243	0.12	0.137	0.021	0.11	0.236	0.704
TCGA.CQ.5333.01A.01R.2403.07	0	0.016	0.42	0.111	0.133	0.106	0.198	0.29	0.188	0.091	0.237	0	0.026	0.168	0.211	0.261	0.058	0.138	0.374	0.264	0.105	0.096	0.11	0.299	0.844
TCGA.CQ.5334.01A.01R.1686.07	0	0.058	0.41	0.124	0.158	0.146	0.187	0.298	0.199	0.167	0.188	0.063	0	0.037	0.168	0.216	0.069	0.161	0.26	0.285	0.122	0.116	0.121	0.293	0.801
TCGA.CQ.6218.01A.11R.1915.07	0	0.085	0.363	0.066	0.156	0.106	0.153	0.208	0.176	0.167	0.184	0.096	0.028	0.054	0.213	0.234	0.073	0.142	0.224	0.224	0.171	0.058	0.098	0.271	0.754
TCGA.CQ.6219.01A.11R.1915.07	0	0.045	0.414	0.119	0.13	0.098	0.193	0.253	0.18	0.069	0.274	0.083	0.048	0.072	0.24	0.216	0.069	0.142	0.287	0.249	0.098	0.112	0.11	0.312	0.778
TCGA.CQ.6220.01A.11R.1915.07	0	0.064	0.374	0.105	0.151	0.091	0.163	0.24	0.185	0.128	0.114	0.052	0.07	0.045	0.213	0.233	0.083	0.121	0.16	0.24	0.171	0.045	0.09	0.281	0.723
TCGA.CQ.6221.01A.11R.2081.07	0	0.057	0.369	0.078	0.226	0.109	0.093	0.038	0.07	0.153	0.044	0.049	0	0	0.206	0.232	0.035	0.25	0.384	0.133	0.178	0.138	0.101	0.148	0.766
TCGA.CQ.6222.01A.11R.1915.07	0	0	0.438	0.118	0.116	0.051	0.19	0.229	0.125	0.134	0.284	0.045	0.001	0.19	0.244	0.272	0.044	0.165	0.324	0.263	0.109	0.143	0.125	0.267	0.823
TCGA.CQ.6223.01A.11R.1915.07	0	0.056	0.39	0.086	0.169	0.096	0.122	0.165	0.18	0.163	0.256	0.107	0.021	0.056	0.227	0.194	0.077	0.164	0.173	0.224	0.189	0.039	0.103	0.28	0.736
TCGA.CQ.6224.01A.11R.1915.07	0	0.095	0.331	0.027	0.18	0.118	0.243	0.17	0.138	0.096	0.038	0.029	0.013	0.2	0.254	0.239	0.046	0.154	0.259	0.174	0.122	0.066	0.155	0.192	0.703
TCGA.CQ.6225.01A.11R.1915.07	0.017	0.095	0.159	0.011	0.113	0.043	0.017	0.039	0	0.23	0.052	0.001	0	0.126	0.157	0.216	0.098	0.2	0.132	0.059	0.248	0.054	0.097	0.204	0.658
TCGA.CQ.6227.01A.11R.1915.07	0	0.08	0.326	0.029	0.147	0.057	0.11	0.086	0.252	0.217	0.16	0.072	0.012	0.154	0.264	0.162	0.082	0.136	0.15	0.185	0.137	0.066	0.162	0.238	0.657
TCGA.CQ.6228.01A.11R.1915.07	0.025	0.112	0.256	0.036	0.196	0.007	0.053	0.093	0.067	0.134	0.137	0.12	0	0.078	0.251	0.225	0.142	0.19	0.236	0.061	0.175	0.034	0.122	0.187	0.702
TCGA.CQ.6229.01A.11R.1915.07	0	0.06	0.399	0.091	0.119	0.073	0.213	0.272	0.174	0.172	0.12	0.026	0.079	0.063	0.229	0.176	0.047	0.139	0.146	0.203	0.138	0.071	0.103	0.293	0.654
TCGA.CQ.7063.01A.11R.2403.07	0	0.027	0.423	0.135	0.147	0.133	0.206	0.278	0.175	0.08	0.297	0.074	0.014	0.029	0.22	0.243	0.065	0.121	0.232	0.241	0.122	0.088	0.134	0.318	0.774
TCGA.CQ.7065.01A.11R.2081.07	0.031	0.016	0	0	0.115	0.039	0.018	0.025	0.068	0.163	0	0.036	0	0.134	0.026	0.277	0.126	0.1	0.039	0.186	0.26	0	0.078	0.075	0.598
TCGA.CQ.7067.01A.11R.2232.07	0	0.083	0.325	0.043	0.128	0.092	0.177	0.138	0.174	0.202	0.151	0.024	0.039	0.081	0.256	0.229	0.052	0.118	0.185	0.195	0.139	0.111	0.137	0.21	0.664
TCGA.CQ.7068.01A.11R.2081.07	0	0.025	0.465	0.164	0.131	0.104	0.195	0.309	0.214	0.118	0.293	0.086	0.032	0	0.134	0.193	0.064	0.104	0.241	0.286	0.104	0.1	0.117	0.327	0.753
TCGA.CQ.7069.01A.11R.2403.07	0.022	0.117	0.213	0.061	0.13	0.1	0.138	0.102	0.107	0.231	0.042	0.049	0.012	0.077	0.272	0.222	0.047	0.127	0.138	0.101	0.192	0.007	0.115	0.206	0.602
TCGA.CQ.7071.01A.12R.A30B.07	0	0.058	0.382	0.107	0.154	0.087	0.159	0.245	0.209	0.172	0.202	0.085	0.038	0.037	0.23	0.232	0.083	0.142	0.202	0.252	0.14	0.069	0.098	0.286	0.753
TCGA.CQ.7072.01A.21R.A30B.07	0.027	0.114	0.248	0.049	0.194	0.071	0.149	0.054	0.099	0.195	0.026	0.004	0	0.142	0.128	0.281	0.038	0.227	0.181	0.056	0.139	0.045	0.176	0.187	0.674
TCGA.CQ.A4C6.01A.11R.A24Z.07	0	0.071	0.378	0.104	0.164	0.147	0.206	0.285	0.124	0.119	0.138	0.048	0.06	0.118	0.192	0.208	0.071	0.109	0.178	0.222	0.14	0.009	0.144	0.28	0.709
TCGA.CQ.A4C7.01A.11R.A24Z.07	0	0.096	0.369	0.083	0.132	0.097	0.244	0.244	0.114	0.126	0.105	0.005	0.052	0.125	0.158	0.191	0.034	0.167	0.172	0.21	0.136	0.074	0.106	0.211	0.644
TCGA.CQ.A4C9.01A.11R.A24Z.07	0.008	0.123	0.257	0.063	0.178	0.083	0.112	0.079	0.075	0.181	0.13	0.075	0.035	0.031	0.219	0.238	0.122	0.198	0.23	0.106	0.166	0.063	0.1	0.221	0.724
TCGA.CQ.A4CA.01A.11R.A24Z.07	0	0.083	0.37	0.132	0.127	0.028	0.229	0.253	0.212	0.094	0.146	0	0.034	0.149	0.254	0.197	0.098	0.105	0.231	0.284	0.11	0.089	0.118	0.305	0.76
TCGA.CQ.A4CB.01A.11R.A24Z.07	0	0.127	0.289	0.08	0.156	0.122	0.165	0.178	0.243	0.152	0.164	0.066	0.037	0.03	0.195	0.272	0.062	0.2	0.273	0.247	0.16	0.032	0.164	0.145	0.799
TCGA.CQ.A4CD.01A.21R.A24Z.07	0	0	0.377	0.114	0.153	0.135	0.17	0.238	0.057	0.118	0.091	0.051	0.049	0.048	0.175	0.244	0.066	0.158	0.301	0.254	0.168	0.08	0.104	0.169	0.768
TCGA.CQ.A4CE.01A.11R.A266.07	0	0.052	0.37	0.096	0.102	0.088	0.122	0.263	0.215	0.157	0.289	0.084	0.042	0.093	0.265	0.136	0.068	0.083	0.047	0.271	0.183	0.105	0.126	0.318	0.646
TCGA.CQ.A4CG.01A.11R.A266.07	0.007	0.022	0.169	0.061	0.121	0.097	0.101	0.08	0.327	0.149	0.006	0.01	0.044	0.025	0.137	0.211	0.065	0.173	0.209	0.226	0.191	0.064	0.085	0.096	0.659
TCGA.CQ.A4CH.01A.11R.A266.07	0.018	0.024	0.135	0.045	0.179	0.056	0.04	0.126	0	0.16	0.042	0.073	0	0.192	0.159	0.207	0.094	0.219	0.244	0.048	0.235	0.028	0.144	0.102	0.678
TCGA.CQ.A4CI.01A.11R.A266.07	0	0.138	0.32	0.056	0.134	0.078	0.068	0.19	0.208	0.155	0.07	0.024	0.03	0	0.192	0.159	0.113	0.167	0.132	0.183	0.182	0.058	0.099	0.208	0.651
TCGA.CR.5243.01A.01R.1514.07	0	0.07	0.419	0.062	0.229	0.13	0.205	0.185	0.168	0.134	0.301	0.121	0.021	0	0.189	0.158	0.128	0.163	0.105	0.25	0.107	0.111	0.174	0.275	0.714
TCGA.CR.5247.01A.01R.2016.07	0.043	0.026	0.113	0.032	0.101	0.132	0.101	0	0.152	0.228	0	0.079	0	0.104	0.041	0.218	0.058	0.187	0.134	0.058	0.199	0.044	0.082	0.127	0.557
TCGA.CR.5248.01A.01R.2016.07	0	0.039	0.442	0.153	0.208	0.097	0.218	0.251	0.117	0.063	0.384	0.153	0	0	0.14	0.157	0.162	0.086	0.223	0.264	0.049	0.2	0.153	0.346	0.755
TCGA.CR.5249.01A.01R.1514.07	0	0.049	0.388	0.081	0.225	0.072	0.191	0.189	0.199	0.093	0.395	0.162	0.001	0	0.246	0.126	0.25	0.062	0.091	0.257	0.073	0.102	0.201	0.293	0.71
TCGA.CR.5250.01A.01R.1514.07	0	0.097	0.371	0.012	0.236	0.108	0.21	0.072	0.207	0.232	0.367	0.151	0	0	0.144	0.094	0.161	0.121	0.028	0.217	0.11	0.133	0.18	0.294	0.632
TCGA.CR.6467.01A.11R.1873.07	0	0.073	0.438	0.131	0.216	0.082	0.181	0.233	0.185	0.039	0.386	0.18	0	0	0.165	0.125	0.171	0.112	0.125	0.253	0.067	0.152	0.188	0.306	0.707
TCGA.CR.6470.01A.11R.1873.07	0	0.008	0.396	0.127	0.217	0.075	0.214	0.221	0.169	0.148	0.374	0.16	0.014	0.008	0.202	0.156	0.181	0.109	0.132	0.253	0.081	0.109	0.199	0.28	0.729
TCGA.CR.6471.01A.11R.1873.07	0	0.09	0.377	0.083	0.215	0.122	0.176	0.209	0.167	0.135	0.35	0.137	0	0	0.226	0.198	0.106	0.129	0.173	0.188	0.093	0.106	0.141	0.316	0.704
TCGA.CR.6472.01A.11R.1873.07	0	0.059	0.349	0.03	0.193	0.099	0.102	0.135	0.153	0.124	0.335	0.169	0.043	0	0.176	0.099	0.148	0.13	0.069	0.145	0.134	0.16	0.166	0.301	0.625
TCGA.CR.6473.01A.11R.1873.07	0	0.092	0.32	0.056	0.199	0.128	0.166	0.179	0.089	0.252	0.247	0.064	0.058	0	0.224	0.124	0.075	0.15	0.04	0.143	0.142	0.082	0.184	0.231	0.571
TCGA.CR.6474.01A.11R.1873.07	0	0.074	0.381	0.064	0.194	0.119	0.259	0.099	0.198	0.145	0.149	0.042	0	0.11	0.213	0.194	0.064	0.137	0.237	0.23	0.183	0.055	0.152	0.241	0.754
TCGA.CR.6477.01A.11R.1873.07	0	0.093	0.318	0.077	0.236	0.114	0.218	0.103	0.089	0.12	0.193	0.118	0	0.078	0.238	0.285	0.077	0.197	0.296	0.16	0.135	0.055	0.155	0.274	0.829
TCGA.CR.6478.01A.11R.1873.07	0	0.034	0.443	0.125	0.191	0.068	0.174	0.271	0.172	0.098	0.251	0.144	0	0.048	0.196	0.258	0.13	0.178	0.308	0.256	0.153	0.109	0.122	0.241	0.864
TCGA.CR.6480.01A.11R.1873.07	0	0.025	0.386	0.096	0.187	0.073	0.106	0.216	0.195	0.114	0.346	0.149	0.064	0	0.173	0.123	0.156	0.084	0.086	0.234	0.149	0.127	0.136	0.237	0.632
TCGA.CR.6481.01A.11R.1873.07	0	0.006	0.422	0.158	0.226	0.06	0.194	0.227	0.144	0.078	0.343	0.153	0	0	0.237	0.223	0.215	0.113	0.242	0.272	0.08	0.152	0.131	0.318	0.836
TCGA.CR.6482.01A.11R.1873.07	0	0.047	0.349	0.105	0.241	0.119	0.173	0.224	0.167	0.093	0.333	0.159	0	0.008	0.274	0.185	0.211	0.094	0.201	0.244	0.082	0.095	0.184	0.301	0.788
TCGA.CR.6484.01A.11R.1873.07	0	0.039	0.385	0.146	0.197	0.121	0.131	0.222	0.156	0.081	0.32	0.078	0	0.066	0.224	0.222	0.133	0.165	0.323	0.268	0.113	0.102	0.147	0.29	0.871
TCGA.CR.6487.01A.11R.1873.07	0	0.009	0.426	0.163	0.218	0.073	0.231	0.252	0.158	0.035	0.391	0.14	0	0.001	0.178	0.201	0.15	0.073	0.242	0.247	0.078	0.178	0.171	0.307	0.771
TCGA.CR.6488.01A.12R.2081.07	0	0.055	0.34	0.057	0.173	0.079	0.195	0.083	0.211	0.147	0.206	0.091	0	0.161	0.227	0.272	0.048	0.188	0.328	0.233	0.113	0.047	0.162	0.241	0.831
TCGA.CR.6491.01A.11R.1873.07	0	0.075	0.322	0.106	0.14	0.129	0.189	0.206	0.169	0.187	0.115	0.098	0.043	0	0.207	0.171	0.085	0.076	0.051	0.216	0.151	0.08	0.073	0.29	0.584
TCGA.CR.6492.01A.12R.2081.07	0	0.071	0.343	0.083	0.157	0.08	0.129	0.224	0.166	0.143	0.187	0.079	0.047	0.085	0.236	0.146	0.102	0.145	0.178	0.236	0.18	0.098	0.146	0.233	0.716
TCGA.CR.6493.01A.11R.1873.07	0	0.055	0.289	0.068	0.136	0.168	0.186	0.184	0.065	0.158	0	0.058	0.016	0.047	0.196	0.229	0.074	0.132	0.222	0.079	0.22	0.035	0.056	0.186	0.628
TCGA.CR.7364.01A.11R.2016.07	0	0.106	0.27	0.061	0.206	0.119	0.221	0.066	0.108	0.214	0.109	0.059	0	0.147	0.19	0.198	0.109	0.126	0.085	0.122	0.192	0.075	0.091	0.255	0.618
TCGA.CR.7365.01A.11R.2016.07	0	0.083	0.404	0.017	0.142	0.088	0.175	0.18	0.176	0.185	0.017	0.061	0	0.089	0.242	0.205	0.06	0.193	0.217	0.185	0.173	0.015	0.097	0.216	0.705
TCGA.CR.7367.01A.11R.2016.07	0	0.078	0.339	0.06	0.206	0.115	0.209	0.122	0.235	0.168	0.199	0.126	0	0.039	0.215	0.184	0.124	0.202	0.232	0.183	0.151	0.04	0.154	0.262	0.783
TCGA.CR.7368.01A.11R.2132.07	0	0.058	0.352	0.082	0.2	0.117	0.233	0.156	0.181	0.132	0.294	0.121	0.021	0.009	0.221	0.203	0.1	0.124	0.175	0.209	0.143	0.096	0.131	0.261	0.706
TCGA.CR.7369.01A.11R.2132.07	0	0.09	0.33	0.042	0.197	0.101	0.194	0.097	0.139	0.194	0.256	0.134	0.001	0.026	0.228	0.172	0.112	0.135	0.142	0.196	0.122	0.108	0.124	0.253	0.659
TCGA.CR.7370.01A.11R.2132.07	0	0.109	0.301	0.098	0.166	0.105	0.198	0.216	0.248	0.147	0.132	0.04	0.038	0.044	0.19	0.179	0.08	0.139	0.205	0.183	0.163	0.097	0.118	0.21	0.67
TCGA.CR.7371.01A.11R.2016.07	0	0.071	0.342	0.082	0.203	0.106	0.208	0.184	0.206	0.132	0.275	0.148	0.013	0.028	0.206	0.183	0.093	0.13	0.214	0.22	0.158	0.077	0.161	0.278	0.754
TCGA.CR.7372.01A.11R.2016.07	0	0.074	0.322	0.049	0.2	0.126	0.244	0.071	0.23	0.174	0.128	0.039	0.007	0.075	0.246	0.186	0.066	0.131	0.151	0.181	0.16	0.048	0.127	0.295	0.68
TCGA.CR.7373.01A.11R.2016.07	0	0.006	0.431	0.124	0.185	0.16	0.202	0.295	0.186	0.102	0.184	0.034	0.042	0.065	0.189	0.247	0.059	0.129	0.256	0.287	0.138	0.071	0.111	0.283	0.792
TCGA.CR.7374.01A.11R.2016.07	0	0.101	0.3	0.037	0.236	0.144	0.204	0.108	0.214	0.116	0.312	0.138	0.003	0	0.177	0.125	0.217	0.076	0.07	0.177	0.13	0.106	0.215	0.322	0.698
TCGA.CR.7376.01A.11R.2132.07	0	0.034	0.42	0.14	0.195	0.098	0.216	0.224	0.159	0.069	0.345	0.086	0	0.082	0.215	0.234	0.085	0.184	0.337	0.239	0.085	0.099	0.18	0.296	0.86
TCGA.CR.7377.01A.11R.2016.07	0	0.061	0.373	0.078	0.177	0.069	0.212	0.205	0.155	0.139	0.314	0.137	0	0.086	0.24	0.191	0.109	0.106	0.202	0.217	0.063	0.136	0.199	0.286	0.719
TCGA.CR.7379.01A.11R.2016.07	0	0.085	0.298	0.075	0.183	0.127	0.215	0.094	0.119	0.183	0	0.069	0	0.105	0.21	0.222	0.077	0.177	0.282	0.159	0.239	0.002	0.082	0.228	0.769
TCGA.CR.7380.01A.11R.2016.07	0	0.101	0.289	0.041	0.22	0.106	0.157	0.106	0.184	0.125	0.177	0.114	0	0.054	0.256	0.229	0.094	0.186	0.239	0.163	0.158	0.065	0.112	0.278	0.765
TCGA.CR.7382.01A.11R.2132.07	0	0.062	0.384	0.11	0.172	0.11	0.254	0.237	0.062	0.075	0.261	0.089	0	0.119	0.16	0.155	0.096	0.174	0.33	0.218	0.147	0.116	0.182	0.224	0.801
TCGA.CR.7383.01A.11R.2132.07	0	0.053	0.341	0.099	0.164	0.081	0.213	0.209	0.204	0.092	0.242	0.097	0.009	0.109	0.26	0.245	0.085	0.187	0.251	0.29	0.112	0.109	0.154	0.227	0.814
TCGA.CR.7385.01A.11R.2016.07	0	0.054	0.378	0.11	0.19	0.096	0.208	0.221	0.155	0.053	0.383	0.147	0.017	0	0.199	0.177	0.15	0.106	0.206	0.245	0.086	0.144	0.152	0.334	0.764
TCGA.CR.7386.01A.11R.2016.07	0	0.046	0.388	0.109	0.162	0.086	0.213	0.225	0.143	0.094	0.261	0.096	0	0.091	0.24	0.255	0.049	0.174	0.286	0.209	0.089	0.112	0.157	0.325	0.81
TCGA.CR.7388.01A.11R.2016.07	0	0.065	0.32	0.064	0.236	0.11	0.195	0.126	0.191	0.136	0.316	0.136	0	0.037	0.218	0.149	0.136	0.119	0.2	0.267	0.16	0.087	0.192	0.301	0.799
TCGA.CR.7389.01A.11R.2016.07	0	0.08	0.279	0.056	0.232	0.113	0.195	0.088	0.214	0.142	0.185	0.1	0.008	0.055	0.238	0.211	0.138	0.128	0.199	0.214	0.155	0.071	0.153	0.255	0.763
TCGA.CR.7390.01A.11R.2016.07	0	0.121	0.141	0.131	0.192	0.04	0.094	0.043	0	0.206	0.106	0.1	0	0.036	0.224	0.172	0.059	0.187	0.163	0.106	0.274	0	0.122	0.188	0.667
TCGA.CR.7391.01A.11R.2016.07	0	0.049	0.393	0.095	0.194	0.094	0.225	0.208	0.155	0.122	0.298	0.13	0	0.047	0.256	0.215	0.079	0.119	0.229	0.253	0.104	0.099	0.188	0.334	0.799
TCGA.CR.7392.01A.11R.2016.07	0	0.043	0.371	0.101	0.24	0.087	0.227	0.213	0.132	0.088	0.274	0.138	0	0.089	0.211	0.236	0.131	0.119	0.222	0.226	0.117	0.086	0.172	0.312	0.805
TCGA.CR.7393.01A.11R.2016.07	0	0.03	0.382	0.053	0.227	0.071	0.215	0.09	0.13	0.155	0.431	0.148	0	0	0.241	0.164	0.112	0.07	0.206	0.243	0.073	0.17	0.218	0.333	0.745
TCGA.CR.7394.01A.11R.2016.07	0	0.027	0.441	0.117	0.24	0.067	0.21	0.237	0.185	0.106	0.311	0.14	0	0.024	0.227	0.179	0.116	0.098	0.224	0.258	0.092	0.115	0.171	0.34	0.775
TCGA.CR.7395.01A.11R.2016.07	0	0.041	0.424	0.128	0.175	0.127	0.198	0.248	0.192	0.138	0.305	0.098	0	0.041	0.207	0.24	0.088	0.109	0.204	0.26	0.123	0.088	0.147	0.344	0.795
TCGA.CR.7397.01A.11R.2016.07	0	0.089	0.313	0.04	0.188	0.135	0.256	0.089	0.137	0.186	0.245	0.114	0	0.042	0.243	0.185	0.065	0.174	0.223	0.163	0.107	0.087	0.19	0.248	0.711
TCGA.CR.7398.01A.11R.2016.07	0	0.09	0.287	0.035	0.215	0.151	0.239	0.084	0.173	0.129	0.048	0.058	0	0.103	0.143	0.214	0.057	0.191	0.187	0.104	0.195	0.109	0.148	0.304	0.735
TCGA.CR.7399.01A.11R.2016.07	0	0.031	0.397	0.138	0.158	0.101	0.2	0.25	0.201	0.143	0.337	0.134	0	0	0.171	0.206	0.084	0.162	0.281	0.215	0.119	0.113	0.131	0.291	0.781
TCGA.CR.7401.01A.11R.2016.07	0	0.102	0.285	0.035	0.179	0.114	0.228	0.092	0.098	0.2	0.149	0.083	0.006	0.121	0.258	0.217	0.07	0.115	0.143	0.195	0.15	0.08	0.156	0.275	0.694
TCGA.CR.7402.01A.11R.2016.07	0	0.11	0.381	0.096	0.219	0.098	0.19	0.185	0.185	0.13	0.159	0.135	0.016	0.053	0.198	0.117	0.145	0.077	0.058	0.231	0.143	0.056	0.116	0.297	0.621
TCGA.CR.7404.01A.11R.2132.07	0	0.056	0.407	0.095	0.204	0.052	0.215	0.228	0.17	0.075	0.339	0.146	0.018	0	0.192	0.201	0.135	0.102	0.215	0.267	0.097	0.155	0.178	0.272	0.77
TCGA.CV.5430.01A.02R.1686.07	0	0.067	0.36	0.084	0.195	0.068	0.187	0.183	0.193	0.078	0.305	0.11	0.032	0	0.187	0.193	0.132	0.229	0.216	0.255	0.103	0.126	0.163	0.254	0.811
TCGA.CV.5431.01A.01R.1514.07	0	0.029	0.43	0.141	0.194	0.097	0.187	0.24	0.201	0.175	0.35	0.115	0	0.023	0.167	0.18	0.114	0.168	0.237	0.285	0.09	0.096	0.175	0.237	0.779
TCGA.CV.5432.01A.02R.1686.07	0	0.065	0.312	0.11	0.122	0.034	0.117	0.257	0.259	0.139	0.124	0.073	0.044	0.067	0.236	0.168	0.108	0.179	0.182	0.262	0.148	0.072	0.093	0.256	0.733
TCGA.CV.5434.01A.01R.1686.07	0	0.087	0.319	0.022	0.183	0.106	0.223	0.113	0.209	0.152	0.227	0.109	0	0.112	0.224	0.239	0.039	0.204	0.331	0.18	0.102	0.046	0.172	0.25	0.795
TCGA.CV.5435.01A.01R.1686.07	0	0.055	0.275	0.036	0.113	0.079	0.159	0.006	0.182	0.194	0	0.035	0	0.062	0.255	0.184	0.082	0.214	0.19	0.198	0.19	0.07	0.077	0.135	0.666
TCGA.CV.5436.01A.01R.1514.07	0	0.073	0.324	0.073	0.159	0.124	0.21	0.152	0.149	0.144	0.116	0.077	0.047	0.02	0.227	0.24	0.078	0.115	0.139	0.157	0.143	0.065	0.107	0.269	0.655
TCGA.CV.5439.01A.01R.1686.07	0	0.032	0.337	0.106	0.101	0.098	0.091	0.234	0.179	0.179	0.287	0.117	0.047	0	0.237	0.14	0.127	0.117	0.134	0.223	0.13	0.081	0.062	0.295	0.644
TCGA.CV.5440.01A.01R.1514.07	0	0.046	0.272	0.046	0.048	0.071	0.121	0.129	0.14	0.227	0.056	0.017	0.027	0.176	0.256	0.16	0.038	0.209	0.145	0.24	0.192	0.06	0.079	0.191	0.658
TCGA.CV.5441.01A.01R.1514.07	0	0.064	0.361	0.028	0.189	0.056	0.196	0.121	0.145	0.11	0.179	0.009	0.051	0.114	0.238	0.149	0.066	0.166	0.085	0.256	0.159	0.113	0.14	0.296	0.691
TCGA.CV.5442.01A.01R.1514.07	0.004	0.115	0.281	0.051	0.052	0.125	0.113	0.122	0	0.233	0.207	0.032	0.056	0	0.202	0.147	0.098	0.111	0.084	0.072	0.26	0.083	0.09	0.217	0.567
TCGA.CV.5443.01A.01R.1514.07	0	0.044	0.436	0.148	0.174	0.125	0.127	0.246	0.202	0.153	0.297	0.087	0.014	0.075	0.109	0.244	0.11	0.207	0.229	0.237	0.111	0.146	0.123	0.315	0.827
TCGA.CV.5444.01A.02R.1514.07	0	0.085	0.385	0.123	0.179	0.076	0.231	0.198	0.104	0.09	0.171	0.039	0.019	0.146	0.229	0.212	0.068	0.169	0.297	0.212	0.08	0.071	0.141	0.244	0.747
TCGA.CV.5966.01A.11R.1686.07	0	0.053	0.382	0.115	0.148	0.085	0.19	0.306	0.105	0.042	0.085	0.024	0.052	0.128	0.191	0.264	0.071	0.174	0.363	0.168	0.16	0.105	0.068	0.182	0.761
TCGA.CV.5970.01A.11R.1686.07	0	0.076	0.372	0.048	0.181	0.128	0.221	0.16	0.135	0.116	0.084	0.025	0.032	0.133	0.227	0.211	0.08	0.19	0.2	0.223	0.188	0.04	0.096	0.243	0.75
TCGA.CV.5971.01A.11R.1686.07	0	0.033	0.404	0.047	0.153	0.064	0.204	0.164	0.139	0.158	0.33	0.077	0	0.154	0.29	0.187	0.05	0.126	0.232	0.319	0.089	0.154	0.205	0.23	0.755
TCGA.CV.5973.01A.11R.1686.07	0	0.066	0.236	0.013	0.152	0.128	0.053	0.102	0.076	0.173	0.015	0.001	0	0.123	0.199	0.253	0.068	0.182	0.195	0.074	0.218	0.054	0.058	0.234	0.673
TCGA.CV.5976.01A.11R.1686.07	0	0.068	0.296	0.062	0.137	0.104	0.165	0.108	0.101	0.142	0.013	0.026	0.068	0.133	0.238	0.217	0.046	0.186	0.25	0.124	0.178	0.004	0.092	0.175	0.665
TCGA.CV.5977.01A.11R.1686.07	0	0.058	0.272	0.1	0.081	0.158	0.163	0.235	0.116	0.098	0.045	0.029	0.089	0.048	0.209	0.245	0.039	0.173	0.187	0.103	0.202	0.052	0.067	0.193	0.634
TCGA.CV.5978.01A.11R.1686.07	0	0.099	0.358	0.081	0.214	0.061	0.189	0.134	0.241	0.11	0.05	0.094	0	0.056	0.192	0.323	0.085	0.265	0.406	0.217	0.155	0.054	0.117	0.148	0.9
TCGA.CV.5979.01A.11R.1686.07	0	0.045	0.267	0.067	0.105	0.105	0.167	0.115	0.233	0.179	0	0.047	0.071	0.102	0.182	0.225	0.05	0.147	0.208	0.188	0.176	0.064	0.072	0.159	0.643
TCGA.CV.6003.01A.11R.1686.07	0	0.047	0.272	0.075	0.102	0.159	0.126	0.183	0.072	0.173	0	0.039	0.045	0.126	0.226	0.269	0.06	0.129	0.146	0.103	0.194	0.047	0.076	0.16	0.597
TCGA.CV.6433.01A.11R.1686.07	0	0.045	0.456	0.18	0.14	0.066	0.14	0.254	0.181	0.166	0.36	0.118	0.01	0	0.148	0.225	0.085	0.135	0.224	0.25	0.085	0.167	0.116	0.287	0.738
TCGA.CV.6436.01A.11R.1686.07	0	0	0.49	0.144	0.158	0.011	0.054	0.263	0.212	0.108	0.305	0.036	0	0.048	0.259	0.227	0.055	0.158	0.278	0.314	0.135	0.174	0.044	0.359	0.823
TCGA.CV.6441.01A.11R.1686.07	0	0.052	0.251	0	0.032	0.035	0.04	0.101	0.145	0.16	0	0	0.044	0.149	0.194	0.168	0.082	0.19	0.18	0.053	0.197	0.174	0.108	0.17	0.602
TCGA.CV.6933.01A.11R.1915.07	0	0.067	0.354	0.096	0.176	0.046	0.145	0.129	0.12	0.137	0.071	0.05	0	0.054	0.213	0.294	0.06	0.24	0.412	0.216	0.172	0.063	0.099	0.185	0.881
TCGA.CV.6933.11A.01R.1915.07	0	0.033	0.365	0.021	0.079	0	0.032	0.124	0.299	0.236	0.278	0.034	0.008	0.038	0.262	0	0.115	0.069	0.102	0.271	0.122	0.149	0.112	0.242	0.542
TCGA.CV.6934.01A.11R.1915.07	0	0.067	0.398	0.083	0.169	0.057	0.212	0.228	0.188	0.114	0.263	0.092	0	0.107	0.221	0.18	0.038	0.169	0.289	0.341	0.065	0.108	0.172	0.272	0.8
TCGA.CV.6934.11A.01R.1915.07	0	0.044	0.391	0.064	0.007	0.049	0.047	0.165	0.215	0.265	0.241	0.052	0	0.045	0.173	0.041	0.113	0.075	0.062	0.315	0.159	0.179	0.141	0.243	0.603
TCGA.CV.6935.01A.11R.1915.07	0	0.048	0.254	0.053	0.177	0.094	0.217	0.074	0.232	0.163	0.094	0.058	0.017	0.055	0.259	0.241	0.056	0.16	0.232	0.162	0.165	0.02	0.09	0.239	0.705
TCGA.CV.6935.11A.01R.1915.07	0	0.049	0.327	0.03	0.122	0.085	0.127	0.082	0.135	0.284	0.301	0.091	0.007	0.028	0.276	0.143	0.073	0.155	0.175	0.223	0.168	0.107	0.147	0.188	0.668
TCGA.CV.6936.01A.11R.1915.07	0	0.086	0.377	0.131	0.114	0.145	0.17	0.284	0.14	0.134	0.176	0.046	0.075	0	0.177	0.146	0.102	0.109	0.171	0.27	0.152	0.108	0.084	0.27	0.684
TCGA.CV.6936.11A.01R.1915.07	0	0.051	0.368	0.046	0.139	0.069	0.224	0.093	0.15	0.224	0.28	0.07	0	0.116	0.242	0.212	0.058	0.163	0.277	0.253	0.141	0.058	0.16	0.206	0.77
TCGA.CV.6937.01A.11R.2016.07	0	0.096	0.232	0.05	0.095	0.098	0.098	0.088	0.232	0.184	0.182	0	0.058	0.072	0.266	0.167	0.059	0.199	0.196	0.136	0.16	0.05	0.165	0.243	0.695
TCGA.CV.6938.01A.11R.1915.07	0	0.037	0.447	0.149	0.139	0.096	0.18	0.303	0.113	0.1	0.211	0.043	0.05	0.031	0.191	0.306	0.08	0.158	0.366	0.237	0.128	0.08	0.064	0.268	0.843
TCGA.CV.6938.11A.01R.1915.07	0	0.093	0.251	0.05	0.158	0.052	0.086	0.028	0.121	0.248	0.258	0.024	0.014	0.148	0.269	0.123	0.029	0.184	0.226	0.215	0.187	0.099	0.173	0.212	0.708
TCGA.CV.6939.01A.11R.1915.07	0	0.083	0.375	0.112	0.162	0.118	0.176	0.184	0.163	0.166	0.294	0.136	0.013	0.025	0.187	0.161	0.106	0.127	0.177	0.268	0.108	0.106	0.127	0.268	0.704
TCGA.CV.6939.11A.01R.1915.07	0	0.064	0.309	0	0.07	0	0.026	0.054	0.184	0.242	0.176	0.046	0	0.179	0.281	0.136	0.059	0.136	0.192	0.247	0.148	0.119	0.133	0.143	0.626
TCGA.CV.6940.01A.11R.1915.07	0	0.079	0.337	0.048	0.144	0.078	0.173	0.085	0.21	0.178	0.139	0.038	0.023	0.122	0.232	0.176	0.037	0.163	0.173	0.239	0.164	0.069	0.123	0.214	0.676
TCGA.CV.6941.01A.11R.1915.07	0	0.108	0.312	0.067	0.184	0.1	0.224	0.09	0.15	0.191	0.125	0.071	0.007	0.086	0.208	0.219	0.075	0.198	0.188	0.16	0.145	0.06	0.127	0.253	0.716
TCGA.CV.6942.01A.21R.2016.07	0	0.074	0.44	0.134	0.19	0.108	0.19	0.27	0.163	0.079	0.277	0.101	0.002	0.061	0.187	0.221	0.111	0.12	0.229	0.271	0.102	0.113	0.167	0.307	0.801
TCGA.CV.6943.01A.11R.1915.07	0	0.047	0.434	0.133	0.18	0.079	0.204	0.234	0.184	0.068	0.33	0.112	0	0.049	0.227	0.208	0.094	0.1	0.25	0.275	0.067	0.142	0.164	0.361	0.796
TCGA.CV.6943.11A.01R.1915.07	0	0.074	0.354	0.06	0.085	0.048	0.138	0.192	0.182	0.231	0.304	0.126	0.04	0.03	0.227	0.153	0.08	0.057	0.124	0.176	0.133	0.116	0.136	0.257	0.585
TCGA.CV.6945.01A.11R.1915.07	0.002	0.107	0.195	0.095	0.095	0.06	0.017	0.132	0.085	0.159	0.067	0.061	0.006	0.113	0.215	0.181	0.065	0.185	0.12	0.159	0.213	0.051	0.072	0.211	0.633
TCGA.CV.6948.01A.11R.1915.07	0	0.058	0.37	0.116	0.13	0.064	0.124	0.262	0.206	0.128	0.229	0.131	0.056	0	0.174	0.204	0.122	0.146	0.196	0.3	0.121	0.133	0.185	0.23	0.788
TCGA.CV.6950.01A.11R.1915.07	0	0.027	0.364	0.076	0.095	0.091	0.191	0.229	0.173	0.201	0.058	0.041	0.033	0.129	0.192	0.231	0.056	0.14	0.205	0.185	0.118	0.087	0.118	0.197	0.656
TCGA.CV.6951.01A.11R.1915.07	0	0.056	0.297	0.016	0.156	0.083	0.24	0.077	0.123	0.19	0.066	0.049	0.027	0.127	0.227	0.131	0.068	0.141	0.12	0.18	0.196	0.055	0.068	0.184	0.571
TCGA.CV.6952.01A.11R.1915.07	0	0.039	0.366	0.076	0.158	0.107	0.233	0.245	0.121	0.131	0.173	0.041	0.063	0.11	0.226	0.23	0.071	0.116	0.172	0.169	0.163	0.055	0.104	0.292	0.69
TCGA.CV.6953.01A.11R.1915.07	0	0.055	0.367	0.092	0.196	0.092	0.117	0.219	0.226	0.18	0.236	0.111	0.026	0	0.219	0.156	0.115	0.149	0.201	0.179	0.161	0.072	0.068	0.27	0.681
TCGA.CV.6954.01A.11R.1915.07	0	0.11	0.3	0.088	0.153	0.101	0.208	0.216	0.117	0.129	0.055	0.008	0.04	0.169	0.196	0.229	0.123	0.199	0.244	0.052	0.176	0.048	0.053	0.224	0.683
TCGA.CV.6955.01A.11R.2016.07	0	0.053	0.429	0.063	0.139	0.075	0.156	0.227	0.126	0.172	0.376	0.08	0	0.055	0.251	0.196	0.087	0.089	0.145	0.264	0.187	0.11	0.071	0.292	0.698
TCGA.CV.6955.11A.01R.2016.07	0	0.068	0.409	0.093	0.149	0.059	0.132	0.222	0.201	0.157	0.347	0.134	0.01	0.085	0.248	0.12	0.096	0.105	0.071	0.292	0.133	0.117	0.185	0.276	0.67
TCGA.CV.6956.01A.21R.2016.07	0.03	0	0	0	0.082	0	0	0.01	0	0.285	0	0.066	0	0.168	0	0.23	0.088	0.213	0.079	0.099	0.251	0.014	0.092	0.081	0.594
TCGA.CV.6956.11A.01R.2016.07	0	0	0.361	0.02	0.108	0.043	0.115	0.153	0.191	0.281	0.294	0.078	0.031	0.164	0.244	0.101	0.06	0.061	0.063	0.24	0.187	0.156	0.16	0.209	0.567
TCGA.CV.6959.01A.11R.1915.07	0	0.048	0.36	0.065	0.17	0.088	0.24	0.198	0.157	0.134	0.116	0.055	0.03	0.189	0.192	0.217	0.051	0.165	0.242	0.181	0.174	0.047	0.135	0.194	0.713
TCGA.CV.6959.11A.01R.1915.07	0	0.072	0.373	0.04	0.131	0.021	0.195	0.199	0.098	0.218	0.314	0.113	0.019	0.098	0.298	0.129	0.071	0.023	0.098	0.205	0.099	0.143	0.182	0.298	0.58
TCGA.CV.6960.01A.41R.2016.07	0.011	0	0	0.073	0.154	0.104	0.103	0.092	0	0.224	0	0.043	0	0.157	0.064	0.227	0.086	0.171	0.097	0.107	0.248	0.047	0.057	0.051	0.548
TCGA.CV.6960.11A.01R.2016.07	0	0.062	0.312	0.018	0.145	0.111	0.111	0	0.123	0.301	0.066	0.049	0.02	0.02	0.269	0.2	0.074	0.161	0.203	0.149	0.218	0.097	0.118	0.151	0.668
TCGA.CV.6961.01A.21R.1915.07	0	0.047	0.421	0.072	0.103	0.151	0.217	0.137	0.097	0.188	0.115	0.013	0.013	0.123	0.24	0.143	0.043	0.17	0.25	0.249	0.162	0.081	0.12	0.143	0.672
TCGA.CV.6961.11A.01R.1915.07	0.001	0.076	0.266	0	0.072	0	0.05	0.02	0.117	0.277	0.159	0.077	0.007	0.097	0.285	0.161	0.073	0.122	0.137	0.129	0.196	0.079	0.163	0.189	0.614
TCGA.CV.6962.01A.11R.1915.07	0	0.056	0.322	0.058	0.171	0.065	0.105	0.029	0.085	0.107	0.05	0.073	0.017	0.031	0.223	0.213	0.073	0.173	0.205	0.064	0.231	0.094	0.071	0.158	0.623
TCGA.CV.6962.11A.01R.1915.07	0	0.058	0.372	0.052	0.11	0.075	0.06	0.127	0.221	0.256	0.243	0.043	0.051	0.024	0.224	0.164	0.077	0.149	0.139	0.225	0.162	0.081	0.144	0.217	0.671
TCGA.CV.7089.01A.11R.2016.07	0	0.038	0.364	0.073	0.139	0.135	0.156	0.2	0.174	0.197	0.135	0.078	0.036	0.019	0.265	0.236	0.071	0.089	0.137	0.236	0.16	0.075	0.123	0.227	0.671
TCGA.CV.7090.01A.11R.2016.07	0	0.095	0.367	0.088	0.165	0.063	0.166	0.211	0.14	0.155	0.197	0.088	0	0.084	0.207	0.292	0.056	0.184	0.346	0.213	0.14	0.068	0.117	0.211	0.818
TCGA.CV.7091.01A.11R.2016.07	0	0.134	0.295	0.077	0.144	0.108	0.22	0.183	0.111	0.178	0.209	0.105	0	0.081	0.203	0.185	0.064	0.143	0.126	0.099	0.128	0.075	0.134	0.32	0.629
TCGA.CV.7091.11A.01R.2016.07	0	0.025	0.301	0.05	0.06	0.03	0.073	0.078	0.19	0.248	0.252	0.033	0	0.194	0.262	0.103	0	0.134	0.176	0.294	0.157	0.151	0.151	0.19	0.632
TCGA.CV.7095.01A.21R.2016.07	0	0.059	0.301	0.093	0.127	0.118	0.183	0.178	0.156	0.127	0.014	0.062	0.044	0.085	0.22	0.27	0.083	0.163	0.192	0.201	0.157	0.016	0.117	0.186	0.718
TCGA.CV.7097.01A.11R.2016.07	0	0.075	0.412	0.076	0.166	0.1	0.25	0.185	0.094	0.164	0.072	0.039	0.011	0.125	0.206	0.269	0.054	0.17	0.363	0.212	0.153	0.032	0.102	0.163	0.78
TCGA.CV.7097.11A.01R.2016.07	0	0.041	0.336	0.05	0.156	0.025	0.112	0.057	0.238	0.178	0.321	0.079	0	0.184	0.228	0.148	0.076	0.148	0.308	0.313	0.106	0.133	0.18	0.189	0.77
TCGA.CV.7099.01A.41R.2016.07	0	0.034	0.399	0.135	0.136	0.096	0.165	0.248	0.135	0.112	0.218	0.061	0.048	0	0.211	0.223	0.069	0.162	0.298	0.232	0.145	0.092	0.053	0.286	0.771
TCGA.CV.7100.01A.11R.2016.07	0	0.035	0.397	0.142	0.14	0.077	0.104	0.281	0.196	0.114	0.242	0.07	0.023	0.044	0.239	0.172	0.026	0.169	0.242	0.218	0.149	0.12	0.147	0.219	0.703
TCGA.CV.7101.01A.11R.2016.07	0	0.023	0.394	0.083	0.188	0.063	0.138	0.142	0.229	0.115	0.259	0.117	0.001	0.041	0.218	0.183	0.109	0.165	0.261	0.293	0.142	0.125	0.102	0.267	0.799
TCGA.CV.7101.11A.01R.2016.07	0.035	0.07	0.318	0.027	0.011	0.007	0	0.078	0.146	0.301	0.203	0.077	0	0.034	0.223	0.079	0.135	0.093	0.048	0.032	0.201	0.088	0.099	0.229	0.481
TCGA.CV.7102.01A.11R.2016.07	0	0.071	0.353	0.035	0.161	0.087	0.226	0.183	0.115	0.146	0.04	0.073	0.041	0.124	0.202	0.262	0.044	0.23	0.3	0.153	0.161	0.047	0.136	0.193	0.775
TCGA.CV.7103.01A.21R.2016.07	0.008	0.146	0.263	0.054	0.206	0.037	0.192	0.098	0.083	0.142	0.091	0.072	0	0.141	0.178	0.256	0.044	0.211	0.186	0.157	0.12	0	0.173	0.157	0.684
TCGA.CV.7103.11A.01R.2016.07	0	0.096	0.313	0.006	0.157	0.054	0.196	0.102	0.146	0.221	0.283	0.1	0.017	0.113	0.282	0.148	0.075	0.071	0.076	0.187	0.14	0.104	0.176	0.27	0.599
TCGA.CV.7104.01A.11R.2016.07	0	0.059	0.379	0.053	0.164	0.107	0.223	0.219	0.096	0.161	0.123	0.051	0.027	0.152	0.22	0.278	0.064	0.139	0.271	0.163	0.135	0.056	0.123	0.216	0.728
TCGA.CV.7177.01A.11R.2016.07	0	0.112	0.243	0.05	0.178	0.067	0.098	0.066	0.216	0.127	0.055	0.088	0	0.12	0.241	0.223	0.084	0.207	0.245	0.054	0.186	0.064	0.072	0.231	0.683
TCGA.CV.7177.11A.01R.2016.07	0.004	0.061	0.279	0.086	0	0.092	0.082	0.201	0.119	0.256	0.173	0.079	0.068	0.01	0.246	0.173	0.065	0.102	0.076	0.204	0.191	0.105	0.15	0.185	0.602
TCGA.CV.7178.01A.21R.2016.07	0	0.095	0.37	0.072	0.143	0.108	0.198	0.187	0.112	0.163	0.27	0.1	0.008	0.073	0.201	0.174	0.052	0.167	0.256	0.198	0.095	0.139	0.147	0.272	0.714
TCGA.CV.7178.11A.01R.2016.07	0	0.075	0.284	0.005	0.054	0.044	0.128	0.115	0.226	0.278	0.211	0.015	0.042	0.094	0.26	0.086	0.063	0.093	0.132	0.294	0.141	0.134	0.111	0.265	0.621
TCGA.CV.7180.01A.11R.2016.07	0	0.072	0.381	0.056	0.083	0.093	0.112	0.258	0.203	0.162	0.222	0.076	0.039	0.035	0.247	0.121	0.098	0.09	0.025	0.241	0.166	0.068	0.107	0.269	0.586
TCGA.CV.7183.01A.11R.2016.07	0	0.097	0.254	0.101	0.111	0.059	0.027	0.119	0.071	0.244	0	0.064	0	0.033	0.267	0.177	0.089	0.105	0.064	0.124	0.244	0.045	0.035	0.232	0.561
TCGA.CV.7183.11A.01R.2016.07	0	0.064	0.279	0.022	0	0.031	0.012	0.116	0.187	0.298	0.319	0.147	0.052	0	0.284	0.142	0.103	0.105	0.061	0.139	0.16	0.077	0.051	0.27	0.54
TCGA.CV.7235.01A.11R.2016.07	0	0.077	0.389	0.114	0.136	0.087	0.211	0.242	0.206	0.144	0.25	0.065	0	0.019	0.229	0.188	0.022	0.179	0.237	0.364	0.123	0.106	0.097	0.241	0.761
TCGA.CV.7235.11A.01R.2016.07	0	0.055	0.341	0.058	0.187	0.042	0.193	0.066	0.247	0.209	0.321	0.091	0	0.017	0.208	0.19	0.099	0.16	0.343	0.27	0.108	0.141	0.183	0.192	0.81
TCGA.CV.7236.01A.11R.2016.07	0	0.089	0.282	0.066	0.14	0.135	0.182	0.15	0.115	0.145	0.12	0.051	0.024	0.09	0.249	0.193	0.052	0.162	0.185	0.153	0.144	0.081	0.119	0.228	0.648
TCGA.CV.7238.01A.11R.2016.07	0	0.046	0.361	0.083	0.154	0.065	0.19	0.237	0.149	0.109	0.227	0.085	0.022	0.144	0.26	0.179	0.097	0.135	0.18	0.218	0.119	0.118	0.179	0.281	0.728
TCGA.CV.7238.11A.01R.2016.07	0	0.032	0.304	0.04	0.132	0.041	0.115	0.03	0.226	0.275	0.241	0.11	0.003	0.152	0.297	0.148	0.081	0.079	0.13	0.208	0.138	0.078	0.177	0.225	0.622
TCGA.CV.7242.01A.11R.2016.07	0	0.075	0.398	0.084	0.173	0.068	0.17	0.208	0.232	0.165	0.346	0.162	0.019	0.011	0.168	0.109	0.123	0.07	0.053	0.327	0.09	0.11	0.176	0.348	0.68
TCGA.CV.7242.11A.01R.2016.07	0	0.057	0.335	0.05	0.127	0.055	0.076	0.068	0.213	0.253	0.334	0.119	0.019	0	0.243	0.187	0.089	0.119	0.184	0.23	0.164	0.125	0.158	0.21	0.703
TCGA.CV.7243.01A.11R.2016.07	0	0.114	0.268	0.082	0.146	0.094	0.142	0.056	0.029	0.168	0.024	0.025	0	0.121	0.27	0.182	0.056	0.144	0.105	0.135	0.152	0.033	0.097	0.207	0.566
TCGA.CV.7245.01A.11R.2016.07	0	0.088	0.342	0.063	0.146	0.078	0.174	0.098	0.148	0.157	0.115	0.031	0	0.101	0.228	0.216	0.029	0.108	0.082	0.192	0.187	0.098	0.088	0.256	0.607
TCGA.CV.7245.11A.01R.2016.07	0	0.05	0.385	0.038	0.124	0.05	0.145	0.052	0.162	0.275	0.152	0.017	0	0.131	0.253	0.15	0.044	0.2	0.245	0.26	0.159	0.116	0.189	0.121	0.718
TCGA.CV.7247.01A.11R.2016.07	0	0.047	0.164	0.052	0.038	0.052	0.091	0.084	0.06	0.25	0.013	0.097	0.019	0.151	0.234	0.165	0.073	0.172	0.158	0.095	0.186	0.097	0.105	0.146	0.577
TCGA.CV.7248.01A.11R.2016.07	0	0.058	0.35	0.079	0.194	0.057	0.17	0.19	0.233	0.141	0.322	0.135	0	0.045	0.203	0.15	0.128	0.125	0.198	0.31	0.106	0.089	0.187	0.256	0.766
TCGA.CV.7250.01A.11R.2016.07	0	0.025	0.382	0.089	0.134	0.073	0.152	0.224	0.118	0.182	0.168	0.076	0.074	0.056	0.183	0.19	0.044	0.154	0.209	0.174	0.195	0.103	0.084	0.265	0.689
TCGA.CV.7250.11A.01R.2016.07	0	0.057	0.374	0.038	0.162	0.041	0.194	0.175	0.166	0.213	0.361	0.129	0.013	0.111	0.283	0.125	0.136	0.029	0.096	0.225	0.08	0.125	0.181	0.255	0.591
TCGA.CV.7252.01A.11R.2016.07	0	0.07	0.292	0.078	0.152	0.148	0.195	0.095	0.307	0.14	0.089	0.057	0.021	0.043	0.239	0.245	0.054	0.152	0.207	0.255	0.154	0.044	0.077	0.248	0.73
TCGA.CV.7252.11A.01R.2016.07	0	0.028	0.338	0.032	0.151	0.041	0.126	0.061	0.211	0.234	0.365	0.129	0.01	0.057	0.241	0.161	0.078	0.049	0.046	0.252	0.129	0.115	0.183	0.248	0.601
TCGA.CV.7253.01A.11R.2016.07	0	0.008	0.148	0.007	0.108	0.114	0.099	0	0.14	0.183	0	0.038	0.078	0.061	0.02	0.267	0.098	0.11	0.11	0.066	0.235	0.107	0.026	0.151	0.557
TCGA.CV.7254.01A.11R.2016.07	0	0.034	0.351	0.111	0.141	0.09	0.131	0.209	0.217	0.192	0.35	0.095	0.001	0.052	0.233	0.236	0.159	0.147	0.245	0.295	0.094	0.144	0.153	0.292	0.85
TCGA.CV.7255.01A.11R.2016.07	0	0.025	0.183	0	0.035	0.055	0.079	0.083	0.253	0.206	0.032	0.055	0.032	0.126	0.199	0.187	0.058	0.129	0.071	0.197	0.239	0.068	0.079	0.139	0.577
TCGA.CV.7255.11A.01R.2016.07	0	0.051	0.329	0.042	0.173	0.065	0.176	0.128	0.185	0.2	0.374	0.085	0.01	0.07	0.215	0.105	0.057	0.088	0.086	0.264	0.14	0.142	0.187	0.203	0.592
TCGA.CV.7261.01A.11R.2016.07	0	0.093	0.289	0.067	0.168	0.05	0.094	0.102	0.289	0.158	0.152	0.073	0	0.053	0.215	0.192	0.095	0.178	0.196	0.156	0.189	0.108	0.123	0.219	0.707
TCGA.CV.7261.11A.01R.2016.07	0.011	0.073	0.272	0.004	0	0	0	0.083	0.201	0.316	0.294	0.132	0	0.036	0.273	0.088	0.104	0.131	0.073	0.151	0.199	0.096	0.093	0.214	0.552
TCGA.CV.7263.01A.11R.2016.07	0	0.099	0.354	0.062	0.173	0.111	0.21	0.088	0.133	0.111	0.228	0.093	0.004	0.161	0.206	0.24	0.088	0.165	0.305	0.159	0.126	0.067	0.137	0.283	0.788
TCGA.CV.7406.01A.11R.2081.07	0	0.069	0.288	0.067	0.141	0.034	0.084	0	0	0.263	0	0.077	0	0.116	0.25	0.205	0.089	0.206	0.205	0.004	0.186	0.062	0.134	0.124	0.605
TCGA.CV.7406.11A.01R.2081.07	0	0.056	0.329	0.007	0.137	0.052	0.1	0.047	0.132	0.316	0.306	0.089	0	0.146	0.279	0.101	0.06	0.091	0.099	0.2	0.127	0.125	0.189	0.195	0.556
TCGA.CV.7407.01A.11R.2081.07	0	0.055	0.331	0.095	0.135	0.113	0.265	0.183	0.242	0.111	0.219	0	0.023	0.01	0.275	0.21	0.057	0.109	0.251	0.245	0.144	0.089	0.1	0.235	0.71
TCGA.CV.7409.01A.31R.2232.07	0	0.08	0.409	0.141	0.135	0.083	0.149	0.334	0.176	0.082	0.194	0.065	0.026	0.091	0.175	0.209	0.09	0.113	0.219	0.228	0.141	0.088	0.059	0.292	0.708
TCGA.CV.7410.01A.21R.2081.07	0	0.057	0.368	0.11	0.185	0.074	0.182	0.229	0.179	0.039	0.358	0.146	0	0.069	0.266	0.147	0.278	0.079	0.117	0.254	0.047	0.115	0.227	0.34	0.781
TCGA.CV.7411.01A.11R.2081.07	0	0.097	0.33	0.063	0.167	0.076	0.151	0.124	0.172	0.189	0.208	0.105	0.009	0.015	0.26	0.181	0.086	0.184	0.081	0.179	0.147	0.059	0.114	0.296	0.666
TCGA.CV.7413.01A.11R.2081.07	0	0.078	0.345	0.084	0.161	0.125	0.181	0.155	0.156	0.155	0.127	0.066	0.03	0.057	0.197	0.237	0.065	0.178	0.233	0.194	0.136	0.081	0.112	0.314	0.772
TCGA.CV.7414.01A.11R.2081.07	0	0.108	0.363	0.036	0.114	0.047	0.239	0.133	0.169	0.109	0.126	0.042	0.058	0.054	0.267	0.104	0.085	0.13	0.084	0.241	0.129	0.125	0.108	0.285	0.612
TCGA.CV.7415.01A.11R.2081.07	0	0.054	0.411	0.162	0.148	0.098	0.129	0.273	0.168	0.087	0.146	0.073	0.081	0.051	0.198	0.21	0.068	0.154	0.23	0.222	0.097	0.099	0.083	0.268	0.698
TCGA.CV.7416.01A.11R.2081.07	0.008	0.126	0.265	0.07	0.177	0.086	0.156	0.076	0.197	0.145	0	0.006	0.006	0.082	0.203	0.278	0.039	0.216	0.28	0.084	0.151	0.062	0.059	0.169	0.669
TCGA.CV.7416.11A.01R.2081.07	0	0.055	0.262	0	0.073	0.088	0.144	0.111	0.149	0.228	0.277	0.083	0.039	0.071	0.244	0.183	0.054	0.112	0.125	0.138	0.176	0.077	0.167	0.189	0.6
TCGA.CV.7418.01A.11R.2081.07	0	0.072	0.364	0.129	0.124	0.096	0.223	0.284	0.191	0.081	0.208	0.081	0.034	0	0.218	0.151	0.078	0.102	0.167	0.274	0.129	0.124	0.163	0.194	0.661
TCGA.CV.7421.01A.11R.2081.07	0	0.13	0.277	0.094	0.119	0.05	0.053	0.078	0.295	0.157	0.059	0.034	0.045	0.058	0.201	0.198	0.065	0.205	0.248	0.164	0.176	0.088	0.103	0.201	0.713
TCGA.CV.7422.01A.21R.2081.07	0	0.047	0.342	0.066	0.161	0.103	0.183	0.133	0.24	0.192	0.183	0.101	0.038	0.004	0.219	0.19	0.117	0.17	0.262	0.24	0.138	0.077	0.154	0.176	0.76
TCGA.CV.7423.01A.11R.2081.07	0.003	0.07	0.196	0.031	0.143	0.106	0.137	0.078	0	0.21	0.004	0.025	0	0.122	0.249	0.237	0.065	0.146	0.145	0.122	0.222	0	0.077	0.145	0.609
TCGA.CV.7423.11A.01R.2081.07	0	0.071	0.382	0.051	0.13	0.054	0.199	0.172	0.18	0.225	0.331	0.069	0.038	0.062	0.217	0.123	0.07	0.046	0.055	0.266	0.114	0.127	0.156	0.3	0.593
TCGA.CV.7424.01A.11R.2081.07	0	0.056	0.383	0.098	0.171	0.091	0.128	0.208	0.268	0.102	0.271	0.102	0.056	0	0.19	0.155	0.085	0.157	0.194	0.274	0.108	0.161	0.189	0.253	0.743
TCGA.CV.7424.11A.01R.2081.07	0	0.074	0.297	0.044	0.045	0.067	0.113	0.054	0.095	0.261	0.169	0.066	0.026	0.106	0.25	0.128	0.058	0.131	0.112	0.144	0.18	0.113	0.142	0.166	0.557
TCGA.CV.7425.01A.11R.2081.07	0	0.088	0.383	0.099	0.157	0.086	0.209	0.302	0.192	0.103	0.18	0.084	0.05	0	0.229	0.204	0.093	0.113	0.165	0.19	0.157	0.044	0.088	0.314	0.694
TCGA.CV.7425.11A.01R.2081.07	0	0.025	0.378	0.101	0.155	0.084	0.149	0.266	0.139	0.133	0.31	0.121	0.054	0.06	0.239	0.189	0.112	0.081	0.154	0.2	0.13	0.147	0.14	0.335	0.704
TCGA.CV.7427.01A.11R.2081.07	0	0.016	0.457	0.105	0.153	0.108	0.221	0.275	0.173	0.101	0.281	0.083	0.007	0.031	0.208	0.19	0.076	0.133	0.227	0.294	0.153	0.095	0.107	0.298	0.775
TCGA.CV.7428.01A.11R.2132.07	0	0.055	0.378	0.121	0.132	0.074	0.167	0.267	0.188	0.154	0.263	0.06	0.027	0.042	0.205	0.221	0.06	0.16	0.205	0.235	0.14	0.111	0.087	0.317	0.747
TCGA.CV.7429.01A.11R.2132.07	0	0.047	0.338	0.13	0.156	0.139	0.212	0.203	0.25	0.046	0.094	0.062	0.019	0.04	0.231	0.158	0.032	0.162	0.294	0.277	0.149	0.094	0.076	0.241	0.728
TCGA.CV.7430.01A.11R.2132.07	0	0.037	0.285	0.064	0.117	0.08	0.091	0.04	0.088	0.195	0.031	0.112	0	0.04	0.256	0.182	0.098	0.151	0.142	0.072	0.255	0.057	0.048	0.185	0.595
TCGA.CV.7432.01A.11R.2132.07	0	0.027	0.303	0.083	0.152	0.056	0.074	0.219	0.06	0.134	0	0.042	0	0.067	0.243	0.278	0.056	0.191	0.229	0.058	0.227	0.106	0	0.127	0.611
TCGA.CV.7432.11A.01R.2132.07	0	0.038	0.326	0.056	0.105	0.059	0.118	0.058	0.279	0.226	0.13	0.007	0.024	0.116	0.189	0.14	0.12	0.156	0.277	0.219	0.13	0.128	0.115	0.209	0.717
TCGA.CV.7433.01A.11R.2132.07	0	0.053	0.417	0.128	0.176	0.128	0.197	0.243	0.197	0.095	0.265	0.096	0	0.023	0.206	0.219	0.064	0.171	0.328	0.269	0.082	0.147	0.125	0.32	0.828
TCGA.CV.7434.01A.11R.2132.07	0	0.083	0.376	0.129	0.127	0.125	0.101	0.239	0.119	0.116	0.091	0.028	0.057	0.035	0.214	0.235	0.063	0.167	0.286	0.191	0.185	0.064	0.016	0.218	0.714
TCGA.CV.7434.11A.01R.2132.07	0	0.099	0.361	0.048	0.155	0.073	0.102	0.095	0.257	0.208	0.227	0.059	0.004	0.114	0.218	0.092	0.08	0.144	0.179	0.308	0.118	0.079	0.176	0.192	0.676
TCGA.CV.7435.01A.11R.2132.07	0	0.091	0.352	0.09	0.206	0.122	0.236	0.151	0.193	0.167	0.105	0.073	0	0.055	0.169	0.228	0.076	0.189	0.295	0.22	0.112	0.041	0.132	0.243	0.785
TCGA.CV.7437.01A.21R.2132.07	0	0.023	0.257	0.091	0.171	0.065	0.1	0.124	0.097	0.142	0.087	0.03	0	0.12	0.193	0.276	0.094	0.206	0.22	0.04	0.2	0.105	0.067	0.172	0.669
TCGA.CV.7437.11A.01R.2132.07	0	0.074	0.327	0.018	0.152	0.075	0.068	0.087	0.202	0.251	0.327	0.16	0.022	0	0.247	0.115	0.175	0.049	0.057	0.205	0.143	0.084	0.177	0.251	0.615
TCGA.CV.7438.01A.21R.2132.07	0	0.051	0.361	0.049	0.176	0.105	0.255	0.158	0.17	0.164	0.116	0.021	0.013	0.152	0.168	0.218	0.067	0.128	0.211	0.179	0.14	0.078	0.142	0.221	0.685
TCGA.CV.7438.11A.01R.2132.07	0	0.039	0.375	0.04	0.168	0.06	0.183	0.186	0.17	0.204	0.37	0.158	0.018	0	0.234	0.148	0.145	0.068	0.096	0.226	0.095	0.139	0.18	0.3	0.66
TCGA.CV.7440.01A.11R.2132.07	0	0.085	0.289	0.061	0.156	0.131	0.167	0.165	0.079	0.141	0.037	0.05	0	0.103	0.206	0.186	0.06	0.145	0.188	0.114	0.208	0.076	0.088	0.217	0.633
TCGA.CV.7440.11A.01R.2187.07	0.011	0.06	0.297	0	0.106	0.074	0.137	0.049	0.134	0.266	0.276	0.099	0.019	0.113	0.255	0.081	0.066	0.129	0.097	0.168	0.161	0.083	0.159	0.183	0.547
TCGA.CV.7446.01A.11R.2232.07	0	0.094	0.34	0.093	0.165	0.093	0.167	0.224	0.266	0.115	0.138	0.068	0.066	0.022	0.148	0.181	0.044	0.144	0.169	0.286	0.124	0.078	0.156	0.214	0.691
TCGA.CV.7568.01A.11R.2232.07	0	0.105	0.364	0.04	0.175	0.085	0.17	0.154	0.229	0.1	0.159	0.076	0.046	0.017	0.219	0.173	0.051	0.137	0.137	0.148	0.098	0.083	0.171	0.277	0.625
TCGA.CV.A45O.01A.21R.A24H.07	0	0.026	0.38	0.089	0.13	0.086	0.133	0.203	0.185	0.173	0.103	0.003	0.057	0.059	0.224	0.183	0.095	0.192	0.211	0.22	0.238	0.033	0.073	0.249	0.766
TCGA.CV.A45P.01A.11R.A24H.07	0	0.065	0.335	0.082	0.137	0.124	0.214	0.19	0.126	0.166	0.109	0.027	0.085	0.034	0.254	0.18	0.045	0.103	0.034	0.193	0.21	0.035	0.12	0.252	0.596
TCGA.CV.A45Q.01A.11R.A24H.07	0	0.028	0.383	0.087	0	0	0	0.127	0.14	0.162	0.088	0	0.036	0.085	0.244	0.18	0.082	0.168	0.199	0.25	0.184	0.124	0.02	0.256	0.702
TCGA.CV.A45R.01A.11R.A24H.07	0	0.051	0.39	0.1	0.145	0.109	0.2	0.248	0.161	0.122	0.143	0.021	0.052	0.099	0.203	0.185	0.046	0.164	0.243	0.24	0.135	0.097	0.108	0.267	0.728
TCGA.CV.A45T.01A.11R.A24H.07	0	0.013	0.397	0.118	0.149	0.067	0.155	0.266	0.171	0.114	0.371	0.111	0.019	0.079	0.226	0.175	0.165	0.042	0.147	0.299	0.068	0.16	0.185	0.338	0.745
TCGA.CV.A45U.01A.12R.A24H.07	0	0.094	0.379	0.12	0.135	0.085	0.141	0.255	0.205	0.124	0.33	0.064	0.056	0.002	0.172	0.081	0.086	0.117	0.086	0.231	0.111	0.098	0.175	0.297	0.621
TCGA.CV.A45V.01A.21R.A24Z.07	0	0.051	0.404	0.108	0.139	0.072	0.161	0.235	0.15	0.165	0.283	0.054	0.069	0	0.247	0.146	0.052	0.193	0.203	0.256	0.145	0.068	0.131	0.276	0.735
TCGA.CV.A45W.01A.11R.A24Z.07	0	0.04	0.388	0.125	0.196	0.02	0.137	0.246	0.208	0.13	0.291	0.081	0.042	0.029	0.219	0.183	0.139	0.147	0.257	0.323	0.112	0.125	0.205	0.242	0.844
TCGA.CV.A45X.01A.21R.A24Z.07	0	0.042	0.25	0.066	0.129	0.095	0.149	0.079	0.058	0.205	0.096	0.066	0.039	0.086	0.217	0.202	0.078	0.175	0.136	0.135	0.264	0.017	0.102	0.221	0.689
TCGA.CV.A45Y.01A.11R.A24Z.07	0	0.067	0.377	0.118	0.204	0.117	0.157	0.233	0.209	0.091	0.31	0.082	0.011	0	0.217	0.219	0.115	0.194	0.237	0.248	0.069	0.102	0.181	0.356	0.849
TCGA.CV.A45Z.01A.21R.A24Z.07	0	0.073	0.38	0.134	0.144	0.084	0.171	0.242	0.245	0.098	0.19	0.081	0.071	0	0.203	0.222	0.071	0.164	0.24	0.271	0.12	0.107	0.146	0.241	0.774
TCGA.CV.A460.01A.21R.A24Z.07	0	0.036	0.423	0.108	0.189	0.121	0.179	0.214	0.256	0.122	0.308	0.093	0.005	0.027	0.171	0.21	0.104	0.191	0.239	0.263	0.112	0.112	0.182	0.26	0.819
TCGA.CV.A461.01A.41R.A266.07	0	0.067	0.433	0.162	0.143	0.051	0.136	0.262	0.161	0.083	0.319	0.082	0.048	0.023	0.18	0.21	0.074	0.118	0.238	0.298	0.086	0.165	0.142	0.35	0.795
TCGA.CV.A463.01A.11R.A266.07	0	0.066	0.373	0.051	0.101	0.083	0.091	0.146	0.269	0.138	0.117	0.084	0.071	0	0.258	0.101	0.122	0.104	0.059	0.214	0.176	0.084	0.096	0.284	0.606
TCGA.CV.A464.01A.11R.A266.07	0	0.086	0.353	0.062	0.148	0.075	0.186	0.195	0.145	0.11	0.223	0.039	0.058	0.113	0.272	0.174	0.059	0.105	0.135	0.203	0.106	0.1	0.165	0.287	0.647
TCGA.CV.A465.01A.11R.A266.07	0	0.079	0.21	0.054	0.102	0.077	0.116	0.095	0.117	0.142	0.065	0.042	0.044	0.179	0.276	0.14	0.089	0.112	0.055	0.191	0.215	0.003	0.126	0.175	0.578
TCGA.CV.A468.01A.11R.A266.07	0	0.056	0.426	0.11	0.144	0.078	0.214	0.247	0.188	0.11	0.352	0.092	0.004	0.07	0.208	0.201	0.069	0.098	0.225	0.295	0.053	0.137	0.189	0.311	0.756
TCGA.CV.A6JD.01A.11R.A31N.07	0	0.064	0.382	0.132	0.141	0.073	0.121	0.279	0.219	0.028	0.264	0.002	0.081	0.064	0.185	0.245	0.057	0.126	0.237	0.269	0.119	0.113	0.138	0.254	0.758
TCGA.CV.A6JE.01A.11R.A31N.07	0	0.045	0.406	0.141	0.116	0.072	0.098	0.235	0.252	0.089	0.202	0	0.056	0.053	0.252	0.199	0.05	0.133	0.201	0.37	0.119	0.118	0.091	0.346	0.792
TCGA.CV.A6JM.01A.11R.A31N.07	0	0	0.366	0.105	0.056	0.025	0	0.265	0.22	0.058	0.106	0	0.022	0.102	0.268	0.258	0.096	0.219	0.284	0.141	0.176	0.091	0.094	0.279	0.812
TCGA.CV.A6JN.01A.11R.A31N.07	0	0.019	0.363	0.109	0.135	0.107	0.059	0.257	0.239	0.122	0.202	0	0.085	0.051	0.282	0.218	0.088	0.114	0.17	0.306	0.175	0.066	0.099	0.293	0.768
TCGA.CV.A6JO.01B.11R.A34R.07	0	0.045	0.44	0.13	0.131	0.116	0.145	0.306	0.186	0.107	0.227	0.05	0.056	0	0.195	0.18	0.055	0.098	0.241	0.313	0.104	0.103	0.091	0.28	0.715
TCGA.CV.A6JT.01A.11R.A31N.07	0	0.033	0.366	0.124	0.127	0.055	0.136	0.223	0.229	0.107	0.153	0	0.072	0.1	0.266	0.276	0.046	0.111	0.174	0.295	0.14	0.08	0.111	0.32	0.772
TCGA.CV.A6JU.01A.11R.A31N.07	0	0.123	0.258	0.052	0.119	0.033	0.108	0.153	0	0.234	0	0	0	0.182	0.167	0.213	0.106	0.175	0.201	0.2	0.178	0.041	0.095	0.127	0.679
TCGA.CV.A6JY.01A.11R.A31N.07	0	0.073	0.272	0	0.085	0.073	0.111	0.103	0.122	0.245	0.18	0.083	0.03	0.043	0.257	0.111	0.117	0.149	0.057	0.192	0.203	0.088	0.099	0.259	0.622
TCGA.CV.A6JZ.01A.11R.A31N.07	0	0.064	0.428	0.14	0.147	0.086	0.198	0.268	0.226	0.053	0.278	0.087	0.009	0.055	0.15	0.235	0.078	0.191	0.301	0.253	0.109	0.121	0.103	0.298	0.823
TCGA.CV.A6K0.01B.21R.A31N.07	0	0.042	0.368	0.068	0.155	0.102	0.221	0.213	0.11	0.191	0.326	0.097	0.005	0.08	0.228	0.174	0.087	0.081	0.2	0.205	0.093	0.128	0.213	0.281	0.699
TCGA.CV.A6K1.01A.11R.A31N.07	0	0	0.437	0.108	0.158	0.097	0.063	0.237	0.255	0.112	0.132	0	0.061	0.009	0.226	0.216	0.09	0.168	0.203	0.291	0.17	0.136	0.063	0.314	0.795
TCGA.CV.A6K2.01A.11R.A31N.07	0	0.042	0.376	0.098	0.106	0.089	0.137	0.23	0.133	0.156	0.097	0.042	0.072	0.055	0.195	0.171	0.04	0.174	0.247	0.254	0.179	0.128	0.097	0.239	0.735
TCGA.CX.7082.01A.11R.2016.07	0	0.109	0.301	0.14	0.062	0.079	0.181	0.23	0.202	0.101	0.146	0.025	0.083	0.082	0.13	0.206	0.042	0.143	0.212	0.231	0.152	0.116	0.113	0.215	0.689
TCGA.CX.7085.01A.21R.2016.07	0	0.017	0.38	0.105	0.239	0.098	0.241	0.178	0.141	0.134	0.291	0.108	0	0.117	0.218	0.168	0.118	0.133	0.287	0.261	0.153	0.081	0.185	0.281	0.832
TCGA.CX.7086.01A.11R.2081.07	0	0.057	0.328	0.067	0.177	0.126	0.169	0.175	0.07	0.208	0.219	0.079	0	0.058	0.219	0.153	0.109	0.124	0.123	0.142	0.219	0.069	0.064	0.243	0.617
TCGA.CX.7219.01A.11R.2016.07	0	0.085	0.371	0.079	0.202	0.149	0.22	0.16	0.139	0.157	0.155	0.054	0	0.083	0.21	0.226	0.07	0.214	0.284	0.185	0.174	0.057	0.108	0.187	0.76
TCGA.CX.A4AQ.01A.11R.A24Z.07	0	0.036	0.381	0.091	0.155	0.105	0.095	0.123	0.229	0.107	0.389	0.098	0	0.004	0.228	0.141	0.26	0.13	0.155	0.239	0.069	0.172	0.203	0.334	0.804
TCGA.D6.6515.01A.21R.1873.07	0	0.029	0.401	0.107	0.18	0.104	0.208	0.244	0.187	0.083	0.27	0.077	0	0.094	0.23	0.232	0.09	0.106	0.283	0.264	0.109	0.105	0.163	0.312	0.818
TCGA.D6.6516.01A.11R.1873.07	0	0.047	0.425	0.108	0.154	0.117	0.174	0.278	0.198	0.137	0.203	0.065	0.009	0	0.219	0.17	0.095	0.077	0.175	0.262	0.166	0.098	0.049	0.353	0.707
TCGA.D6.6517.01A.11R.1873.07	0	0.032	0.27	0.06	0.241	0.152	0.205	0.131	0.177	0.122	0.108	0.116	0.006	0.04	0.249	0.261	0.125	0.161	0.213	0.118	0.129	0.052	0.133	0.262	0.736
TCGA.D6.6823.01A.11R.1915.07	0	0.124	0.327	0.07	0.179	0.091	0.143	0.211	0.085	0.22	0.042	0.076	0	0.071	0.145	0.166	0.095	0.156	0.15	0.148	0.233	0.028	0.102	0.215	0.664
TCGA.D6.6824.01A.11R.1915.07	0	0.052	0.377	0.074	0.183	0.079	0.204	0.167	0.178	0.179	0.272	0.113	0	0.06	0.244	0.167	0.089	0.18	0.299	0.241	0.115	0.099	0.185	0.264	0.808
TCGA.D6.6825.01A.21R.1915.07	0	0.048	0.414	0.102	0.185	0.112	0.218	0.271	0.172	0.114	0.254	0.105	0.009	0.069	0.222	0.197	0.093	0.144	0.258	0.212	0.122	0.053	0.151	0.312	0.781
TCGA.D6.6826.01A.11R.1915.07	0	0.029	0.361	0.072	0.201	0.124	0.226	0.126	0.119	0.116	0.145	0.091	0.016	0.08	0.195	0.263	0.106	0.232	0.347	0.161	0.217	0.083	0.139	0.2	0.874
TCGA.D6.6827.01A.11R.1915.07	0	0.103	0.276	0.036	0.154	0.113	0.201	0.124	0.268	0.159	0.159	0.035	0.019	0.092	0.179	0.182	0.092	0.186	0.14	0.162	0.177	0.094	0.158	0.223	0.693
TCGA.D6.8568.01A.11R.2403.07	0	0.097	0.329	0.073	0.189	0.067	0.199	0.129	0.093	0.149	0.165	0.059	0	0.122	0.242	0.171	0.041	0.166	0.244	0.243	0.217	0.057	0.143	0.166	0.73
TCGA.D6.8569.01A.11R.2403.07	0	0.083	0.33	0.072	0.164	0.138	0.211	0.213	0.155	0.133	0.084	0.054	0.059	0.062	0.246	0.195	0.064	0.183	0.175	0.232	0.175	0.045	0.131	0.196	0.709
TCGA.D6.A4Z9.01A.11R.A24Z.07	0	0.056	0.323	0.096	0.13	0.112	0.204	0.238	0.139	0.13	0.116	0.056	0.082	0.094	0.238	0.188	0.067	0.145	0.181	0.227	0.172	0.033	0.146	0.202	0.696
TCGA.D6.A4ZB.01A.11R.A24Z.07	0.002	0.073	0.338	0.082	0.183	0.047	0.031	0.131	0.232	0.153	0.15	0.058	0.043	0.088	0.219	0.118	0.096	0.142	0.106	0.295	0.192	0.122	0.12	0.279	0.707
TCGA.D6.A6EK.01A.11R.A31N.07	0	0.026	0.441	0.112	0.154	0.084	0.114	0.276	0.237	0.115	0.347	0.02	0.036	0	0.268	0.263	0.094	0.074	0.158	0.284	0.097	0.129	0.132	0.415	0.796
TCGA.D6.A6EM.01A.21R.A31N.07	0	0	0.432	0.124	0.134	0.093	0.15	0.279	0.196	0.114	0.233	0	0.036	0.157	0.238	0.253	0.096	0.122	0.317	0.296	0.112	0.116	0.108	0.319	0.85
TCGA.D6.A6EN.01A.11R.A31N.07	0	0	0.468	0.167	0.139	0.098	0.11	0.328	0.21	0	0.294	0	0.037	0.052	0.209	0.241	0.069	0.132	0.327	0.334	0.106	0.144	0.065	0.323	0.837
TCGA.D6.A6EO.01A.11R.A31N.07	0	0.136	0.28	0.057	0.152	0.1	0.158	0.164	0.13	0.181	0.115	0.019	0.054	0.002	0.19	0.181	0.097	0.119	0.07	0.131	0.223	0.132	0.103	0.202	0.591
TCGA.D6.A6EP.01A.11R.A31N.07	0	0.142	0.328	0.097	0.155	0.035	0.054	0.132	0.279	0.044	0.163	0	0.044	0.081	0.167	0.106	0.122	0.148	0.166	0.281	0.124	0.134	0.149	0.258	0.71
TCGA.D6.A6EQ.01A.11R.A31N.07	0	0.034	0.372	0.139	0.146	0.103	0.054	0.233	0.249	0.131	0.222	0	0.058	0.02	0.296	0.24	0.081	0.141	0.217	0.32	0.096	0.073	0.139	0.344	0.827
TCGA.D6.A6ES.01A.12R.A31N.07	0.025	0.041	0.364	0.126	0.095	0	0	0.016	0.091	0.164	0	0	0	0	0.242	0.257	0.095	0.212	0.267	0.132	0.254	0.031	0.005	0.256	0.775
TCGA.D6.A74Q.01A.11R.A34R.07	0	0.08	0.352	0.081	0.153	0.071	0.18	0.124	0.231	0.128	0.254	0.07	0.026	0	0.222	0.154	0.099	0.074	0.114	0.281	0.106	0.159	0.119	0.309	0.659
TCGA.DQ.5624.01A.01R.1873.07	0	0.076	0.251	0.03	0.213	0.099	0.249	0.058	0.156	0.122	0.2	0.067	0.006	0.157	0.227	0.268	0.07	0.141	0.14	0.07	0.156	0.032	0.166	0.2	0.636
TCGA.DQ.5625.01A.01R.1873.07	0	0.071	0.422	0.128	0.121	0.083	0.247	0.282	0.119	0.07	0.196	0.023	0.03	0.14	0.234	0.213	0.058	0.087	0.189	0.263	0.112	0.11	0.077	0.285	0.673
TCGA.DQ.5629.01A.01R.1873.07	0	0.073	0.256	0.05	0.13	0.069	0.078	0.1	0.203	0.228	0.08	0.092	0	0	0.222	0.158	0.105	0.146	0.115	0.13	0.185	0.101	0.103	0.253	0.627
TCGA.DQ.5630.01A.01R.1873.07	0	0.038	0.413	0.114	0.119	0.129	0.218	0.273	0.185	0.108	0.256	0.044	0.055	0.118	0.227	0.201	0.051	0.137	0.234	0.262	0.07	0.086	0.109	0.313	0.723
TCGA.DQ.5631.01A.01R.1873.07	0.037	0.054	0.147	0	0.228	0.079	0.162	0.08	0.044	0.176	0	0.054	0.009	0.12	0.134	0.258	0.123	0.187	0.151	0.021	0.171	0.046	0.138	0.058	0.581
TCGA.DQ.7588.01A.11R.2081.07	0	0.049	0.109	0.072	0	0.063	0	0.156	0.163	0.223	0	0.077	0	0	0.27	0.166	0.109	0.123	0.011	0.2	0.27	0.028	0	0.17	0.55
TCGA.DQ.7589.01A.11R.2232.07	0.014	0.118	0.225	0.035	0.134	0.106	0.089	0.1	0.224	0.223	0.069	0.045	0.02	0.062	0.229	0.097	0.078	0.137	0.095	0.174	0.204	0.063	0.117	0.227	0.592
TCGA.DQ.7590.01A.11R.2232.07	0	0.033	0.468	0.138	0.157	0.078	0.216	0.214	0.165	0.147	0.321	0.104	0	0.014	0.206	0.302	0.048	0.165	0.318	0.27	0.086	0.138	0.172	0.289	0.865
TCGA.DQ.7591.01A.11R.2081.07	0	0.06	0.392	0.137	0.186	0.089	0.188	0.283	0.195	0.068	0.376	0.117	0.027	0	0.168	0.141	0.201	0.168	0.095	0.225	0.065	0.146	0.167	0.308	0.719
TCGA.DQ.7592.01A.11R.2081.07	0	0.074	0.384	0.11	0.154	0.118	0.244	0.254	0.079	0.105	0.108	0.03	0.04	0.101	0.162	0.181	0.038	0.18	0.203	0.196	0.141	0.069	0.116	0.277	0.699
TCGA.DQ.7593.01A.11R.2232.07	0	0.07	0.404	0.107	0.201	0.098	0.198	0.211	0.197	0.119	0.415	0.146	0.002	0	0.222	0.103	0.246	0	0.038	0.274	0.013	0.147	0.225	0.327	0.642
TCGA.DQ.7594.01A.11R.2232.07	0	0.059	0.373	0.11	0.173	0.055	0.196	0.247	0.218	0.109	0.359	0.15	0.016	0	0.218	0.115	0.182	0.119	0.08	0.233	0.084	0.133	0.206	0.262	0.671
TCGA.DQ.7595.01A.11R.2232.07	0.009	0.084	0.25	0.019	0.146	0.097	0.121	0.085	0	0.292	0.185	0.128	0.012	0.006	0.206	0.134	0.118	0.131	0.057	0.083	0.197	0.097	0.14	0.203	0.558
TCGA.DQ.7596.01A.11R.2232.07	0	0.06	0.353	0.041	0.17	0.07	0.154	0.201	0.209	0.142	0.381	0.182	0.058	0	0.256	0.141	0.213	0.02	0.032	0.208	0.072	0.128	0.194	0.292	0.615
TCGA.F7.7848.01A.11R.2132.07	0	0.088	0.355	0.037	0.212	0.118	0.175	0.105	0.168	0.163	0.286	0.154	0	0.001	0.232	0.146	0.124	0.146	0.162	0.218	0.139	0.131	0.151	0.323	0.74
TCGA.F7.8298.01A.11R.2403.07	0	0.073	0.374	0.083	0.152	0.131	0.174	0.189	0.191	0.177	0.033	0.012	0.046	0.062	0.212	0.223	0.053	0.153	0.224	0.217	0.176	0.078	0.084	0.186	0.69
TCGA.F7.8489.01A.31R.2403.07	0	0.036	0.399	0.106	0.192	0.11	0.186	0.235	0.192	0.115	0.33	0.09	0.031	0.012	0.254	0.206	0.092	0.114	0.13	0.273	0.096	0.074	0.183	0.302	0.733
TCGA.F7.A50G.01A.11R.A266.07	0	0.029	0.401	0.109	0.136	0.035	0.157	0.252	0.189	0.154	0.285	0.091	0.035	0.085	0.232	0.26	0.075	0.142	0.171	0.237	0.122	0.123	0.152	0.301	0.766
TCGA.F7.A50I.01A.11R.A28V.07	0	0.061	0.395	0.083	0.129	0.118	0.2	0.244	0.204	0.179	0.171	0.037	0.033	0.032	0.215	0.175	0.046	0.167	0.125	0.302	0.15	0.056	0.156	0.23	0.709
TCGA.F7.A50J.01A.21R.A28V.07	0	0.06	0.366	0.1	0.137	0.116	0.148	0.231	0.225	0.152	0.227	0.081	0.06	0.028	0.212	0.21	0.061	0.082	0.118	0.266	0.132	0.081	0.13	0.299	0.682
TCGA.F7.A61S.01A.11R.A28V.07	0	0.041	0.417	0.105	0.146	0.1	0.137	0.294	0.164	0.095	0.228	0.099	0.06	0.051	0.183	0.238	0.102	0.096	0.196	0.231	0.134	0.111	0.121	0.316	0.751
TCGA.F7.A61V.01A.11R.A28V.07	0	0.105	0.276	0.078	0.118	0.106	0.151	0.156	0.244	0.129	0.147	0.029	0.063	0.103	0.252	0.162	0.108	0.097	0.052	0.176	0.158	0.025	0.123	0.303	0.619
TCGA.F7.A61W.01A.11R.A28V.07	0.017	0	0	0	0.144	0.079	0.098	0.099	0	0.182	0	0.054	0.023	0.184	0.129	0.274	0.071	0.16	0.171	0	0.231	0	0.081	0.072	0.555
TCGA.F7.A620.01A.11R.A28V.07	0	0.067	0.433	0.135	0.144	0.091	0.222	0.318	0.18	0.054	0.264	0.07	0.035	0.072	0.165	0.171	0.105	0.09	0.186	0.299	0.109	0.072	0.128	0.312	0.734
TCGA.F7.A622.01A.11R.A28V.07	0	0.014	0.293	0.089	0.078	0.119	0.078	0.173	0.117	0.211	0	0	0.046	0.147	0.207	0.186	0.036	0.166	0.191	0.255	0.245	0.061	0.036	0.244	0.713
TCGA.F7.A623.01A.11R.A28V.07	0	0.063	0.377	0.092	0.18	0.083	0.143	0.193	0.123	0.165	0.283	0.082	0.053	0	0.177	0.132	0.119	0.122	0.139	0.207	0.208	0.069	0.149	0.254	0.698
TCGA.F7.A624.01A.22R.A30B.07	0	0	0.465	0.173	0.148	0.105	0.103	0.33	0.224	0	0.287	0.064	0.03	0.009	0.135	0.202	0.102	0.152	0.351	0.299	0.125	0.228	0.087	0.38	0.891
TCGA.H7.7774.01A.21R.2081.07	0	0.051	0.396	0.081	0.166	0.074	0.183	0.206	0.177	0.153	0.286	0.11	0.02	0	0.239	0.247	0.087	0.096	0.115	0.209	0.147	0.062	0.103	0.321	0.695
TCGA.H7.8501.01A.11R.2403.07	0	0.008	0.464	0.154	0.148	0.113	0.187	0.307	0.209	0.027	0.316	0.126	0.03	0.041	0.143	0.223	0.071	0.128	0.293	0.323	0.072	0.12	0.138	0.288	0.806
TCGA.H7.8502.01A.11R.2403.07	0	0.077	0.321	0.087	0.144	0.095	0.1	0.201	0.078	0.145	0.056	0.08	0	0.08	0.216	0.215	0.055	0.218	0.27	0.103	0.227	0.05	0.078	0.095	0.662
TCGA.H7.A6C4.01A.11R.A30B.07	0	0.029	0.356	0.066	0.16	0.117	0.172	0.147	0.144	0.197	0.183	0.083	0.014	0.158	0.251	0.227	0.054	0.118	0.112	0.221	0.146	0.053	0.163	0.268	0.686
TCGA.H7.A6C4.11A.21R.A466.07	0	0.081	0.371	0.043	0.095	0.02	0.088	0.164	0.189	0.25	0.38	0.074	0.011	0.139	0.259	0.108	0.023	0.045	0.023	0.324	0.122	0.135	0.202	0.267	0.585
TCGA.H7.A6C5.11A.11R.A30B.07	0.016	0.051	0.372	0.009	0.145	0.032	0.035	0.127	0.159	0.296	0.192	0.068	0.028	0.033	0.218	0.064	0.079	0.132	0.071	0.156	0.146	0.149	0.228	0.199	0.564
TCGA.H7.A76A.01A.51R.A34R.07	0	0.049	0.441	0.147	0.15	0.051	0.146	0.196	0.178	0.098	0.388	0.081	0	0.063	0.203	0.109	0.16	0.154	0.296	0.299	0.079	0.144	0.204	0.328	0.854
TCGA.HD.7229.01A.11R.2016.07	0	0.045	0.395	0.117	0.136	0.121	0.197	0.286	0.163	0.15	0.112	0.045	0.052	0.023	0.203	0.214	0.07	0.111	0.151	0.254	0.178	0.082	0.085	0.261	0.694
TCGA.HD.7753.01A.11R.2081.07	0	0.086	0.345	0.038	0.193	0.137	0.24	0.14	0.257	0.165	0.144	0.105	0	0.053	0.172	0.211	0.045	0.121	0.149	0.274	0.14	0.092	0.129	0.24	0.687
TCGA.HD.7754.01A.11R.2081.07	0	0.056	0.298	0.025	0.208	0.073	0.162	0.083	0.172	0.152	0.172	0.137	0.004	0.028	0.198	0.221	0.098	0.239	0.272	0.028	0.161	0.078	0.128	0.187	0.7
TCGA.HD.7831.01A.11R.2132.07	0.008	0.134	0.258	0.06	0.191	0.084	0.193	0.066	0.113	0.139	0.149	0.034	0	0.134	0.184	0.261	0.035	0.223	0.224	0.072	0.121	0.046	0.165	0.153	0.659
TCGA.HD.7832.01A.11R.2132.07	0	0.087	0.4	0.114	0.18	0.121	0.208	0.291	0	0.053	0.061	0.066	0.006	0.06	0.195	0.306	0.065	0.205	0.315	0.145	0.177	0.084	0.03	0.137	0.723
TCGA.HD.7917.01A.11R.2232.07	0	0.084	0.269	0.092	0.108	0.152	0.08	0.147	0.105	0.177	0.141	0.034	0.047	0.088	0.223	0.136	0.118	0.106	0.065	0.178	0.197	0.075	0.066	0.286	0.604
TCGA.HD.8224.01A.11R.2403.07	0	0.048	0.326	0.004	0.162	0.093	0.232	0.06	0.135	0.176	0.178	0.014	0.015	0.13	0.246	0.197	0.06	0.185	0.278	0.167	0.13	0.119	0.12	0.209	0.706
TCGA.HD.8314.01A.11R.2403.07	0	0.079	0.371	0.006	0.185	0.116	0.215	0.127	0.178	0.123	0.257	0.099	0	0.113	0.19	0.228	0.081	0.168	0.307	0.159	0.105	0.099	0.22	0.239	0.791
TCGA.HD.8634.01A.11R.2403.07	0	0.085	0.299	0.066	0.14	0.126	0.197	0.163	0.092	0.186	0.122	0.108	0.055	0.044	0.227	0.141	0.093	0.133	0.122	0.121	0.213	0.038	0.138	0.206	0.612
TCGA.HD.8635.01A.11R.2403.07	0	0.068	0.34	0.04	0.149	0.079	0.192	0.098	0.179	0.123	0.244	0.075	0.011	0.166	0.257	0.193	0.06	0.127	0.193	0.207	0.158	0.088	0.164	0.23	0.699
TCGA.HD.8635.11A.01R.2403.07	0	0.029	0.4	0.043	0.184	0.056	0.193	0.208	0.169	0.201	0.364	0.113	0.014	0.137	0.211	0.117	0.098	0.057	0.077	0.21	0.18	0.134	0.18	0.25	0.614
TCGA.HD.A4C1.01A.11R.A24H.07	0	0.094	0.307	0.08	0.161	0.099	0.076	0.146	0.112	0.162	0.11	0.068	0.047	0.038	0.262	0.094	0.051	0.191	0.138	0.137	0.227	0.043	0.107	0.186	0.593
TCGA.HD.A633.01A.11R.A28V.07	0.007	0.063	0.315	0.091	0.11	0.115	0.052	0.083	0.198	0.155	0	0.068	0.022	0.012	0.244	0.177	0.041	0.196	0.237	0.174	0.234	0.036	0.073	0.133	0.663
TCGA.HD.A634.01A.11R.A28V.07	0.025	0.158	0.223	0.045	0.216	0.101	0	0	0	0.075	0.047	0.051	0	0	0.18	0.118	0.15	0.211	0.125	0.088	0.237	0.065	0.164	0.084	0.618
TCGA.HD.A6HZ.01A.12R.A31N.07	0	0.039	0.348	0.11	0.158	0.045	0.184	0.245	0.122	0.172	0.285	0.104	0.001	0.166	0.306	0.254	0.071	0.146	0.182	0.226	0.118	0.109	0.168	0.266	0.751
TCGA.HD.A6HZ.11A.11R.A31N.07	0	0.097	0.338	0.064	0.041	0	0.008	0.042	0.182	0.274	0.163	0	0	0.133	0.312	0.134	0.056	0.135	0.124	0.267	0.18	0.137	0.147	0.218	0.662
TCGA.HD.A6I0.01A.11R.A31N.07	0	0	0.474	0.1	0.153	0.085	0.088	0.277	0.254	0.112	0.145	0	0.052	0.028	0.208	0.216	0.051	0.14	0.244	0.362	0.148	0.153	0.074	0.343	0.828
TCGA.HD.A6I0.11A.11R.A31N.07	0	0.002	0.422	0.067	0.137	0	0.098	0.088	0.174	0.136	0.396	0.031	0	0.15	0.322	0.133	0.077	0.159	0.266	0.359	0.138	0.142	0.209	0.248	0.834
TCGA.HL.7533.01A.11R.2232.07	0	0.009	0.434	0.148	0.104	0.105	0.129	0.258	0.236	0.095	0.25	0.07	0.077	0	0.15	0.136	0.096	0.163	0.171	0.273	0.116	0.148	0.103	0.3	0.712
TCGA.IQ.7630.01A.11R.2081.07	0	0.1	0.335	0.078	0.161	0.124	0.202	0.178	0.155	0.159	0.052	0.007	0.072	0.086	0.188	0.258	0.053	0.167	0.208	0.215	0.146	0.059	0.077	0.236	0.713
TCGA.IQ.7631.01A.11R.2081.07	0.065	0.172	0.272	0	0.137	0.07	0.013	0	0.057	0.206	0	0	0	0.047	0.243	0.122	0.064	0.172	0.113	0.138	0.193	0.069	0.221	0.128	0.604
TCGA.IQ.7632.01A.11R.2081.07	0.014	0.057	0.279	0.047	0.15	0.059	0.055	0.12	0.101	0.159	0.123	0.107	0	0.165	0.232	0.16	0.133	0.061	0	0.112	0.194	0.078	0.103	0.269	0.542
TCGA.IQ.A61E.01A.22R.A30B.07	0	0.087	0.382	0.071	0.15	0.119	0.202	0.252	0.177	0.121	0.12	0.018	0.078	0.047	0.228	0.249	0.04	0.106	0.168	0.271	0.126	0.1	0.097	0.231	0.676
TCGA.IQ.A61G.01A.11R.A30B.07	0	0.048	0.303	0.053	0.116	0.114	0.015	0.178	0.185	0.131	0.133	0.006	0.026	0.026	0.212	0.234	0.058	0.174	0.205	0.096	0.211	0.045	0.092	0.188	0.66
TCGA.IQ.A61H.01A.11R.A30B.07	0	0.087	0.332	0.094	0.129	0.043	0.095	0.145	0.205	0.22	0.1	0.079	0.046	0.122	0.176	0.18	0.082	0.163	0.216	0.217	0.147	0.1	0.124	0.188	0.69
TCGA.IQ.A61I.01A.11R.A30B.07	0	0.037	0.411	0.115	0.143	0.071	0.099	0.252	0.209	0.255	0.303	0	0.053	0	0.14	0.165	0.161	0.099	0.125	0.31	0.106	0.187	0.161	0.311	0.754
TCGA.IQ.A61J.01A.11R.A30B.07	0	0.077	0.335	0.075	0.141	0.079	0.21	0.204	0.159	0.163	0.226	0.063	0.041	0.079	0.244	0.244	0.058	0.138	0.197	0.17	0.097	0.085	0.165	0.293	0.714
TCGA.IQ.A61O.01A.11R.A30B.07	0	0.126	0.272	0.074	0.192	0.083	0.101	0.098	0.3	0.124	0.106	0.01	0	0.126	0.179	0.202	0.047	0.208	0.343	0.102	0.107	0.114	0.161	0.168	0.702
TCGA.IQ.A6SG.01A.12R.A34R.07	0	0.069	0.307	0.045	0.163	0.071	0.102	0.12	0.103	0.246	0.125	0.063	0.008	0.079	0.199	0.215	0.038	0.23	0.187	0.083	0.225	0.06	0.097	0.17	0.653
TCGA.IQ.A6SH.01A.12R.A34R.07	0	0.037	0.394	0.14	0.144	0.111	0.126	0.309	0.253	0.091	0.108	0	0.046	0.056	0.24	0.247	0.066	0.141	0.201	0.304	0.14	0.122	0.039	0.327	0.768
TCGA.KU.A66S.01A.21R.A30B.07	0.001	0.103	0.31	0.04	0.132	0.063	0.148	0.106	0.261	0.166	0.212	0.002	0.049	0.101	0.254	0.138	0.041	0.077	0.1	0.341	0.128	0.097	0.101	0.328	0.658
TCGA.KU.A66T.01A.11R.A30B.07	0.037	0.023	0.114	0.03	0.025	0.093	0.074	0.08	0.157	0.219	0	0.079	0.038	0.069	0.117	0.182	0.047	0.182	0.092	0.13	0.262	0.043	0.072	0.12	0.57
TCGA.KU.A6H7.01A.11R.A31N.07	0	0.01	0.463	0.173	0.113	0.061	0.117	0.258	0.187	0.131	0.334	0.059	0.058	0.027	0.212	0.203	0.089	0.147	0.224	0.259	0.099	0.146	0.119	0.33	0.771
TCGA.KU.A6H7.06A.21R.A31N.07	0	0	0.484	0.142	0.147	0.046	0.057	0.252	0.235	0.152	0.32	0.008	0.069	0	0.202	0.184	0.18	0.129	0.127	0.293	0.091	0.21	0.08	0.368	0.762
TCGA.KU.A6H8.01A.21R.A34R.07	0	0.065	0.396	0.057	0.118	0.021	0.113	0.155	0.173	0.227	0.339	0.058	0.013	0.129	0.235	0.107	0.042	0.113	0.1	0.296	0.098	0.158	0.181	0.279	0.637
TCGA.MT.A51W.01A.21R.A266.07	0	0.068	0.346	0.125	0.064	0.096	0.072	0.256	0.154	0.197	0.146	0.053	0.08	0	0.238	0.183	0.053	0.126	0.123	0.287	0.179	0.112	0.095	0.225	0.667
TCGA.MT.A51X.01A.11R.A266.07	0	0.071	0.28	0.047	0.107	0.081	0.118	0.135	0.288	0.167	0.13	0.02	0.079	0.105	0.279	0.153	0.063	0.141	0.079	0.243	0.162	0.08	0.101	0.278	0.64
TCGA.MT.A67A.01A.11R.A30B.07	0	0	0.436	0.123	0.089	0.074	0.082	0.282	0.198	0.093	0.187	0	0.083	0.049	0.26	0.097	0.045	0.124	0.136	0.297	0.159	0.164	0.044	0.357	0.659
TCGA.MT.A67D.01A.31R.A30B.07	0	0.099	0.317	0.058	0.175	0.071	0.126	0.138	0.231	0.215	0.272	0.105	0	0.051	0.239	0.163	0.134	0.166	0.219	0.255	0.143	0.082	0.133	0.281	0.784
TCGA.MT.A67F.01A.11R.A30B.07	0	0.023	0.479	0.134	0.153	0.084	0.197	0.25	0.195	0.097	0.368	0.11	0	0.033	0.176	0.191	0.072	0.102	0.246	0.338	0.101	0.144	0.172	0.319	0.809
TCGA.MT.A7BN.01A.12R.A34R.07	0	0.007	0.433	0.136	0.149	0.033	0.037	0.228	0.206	0.154	0.347	0.019	0.06	0.038	0.197	0.248	0.091	0.176	0.317	0.297	0.086	0.154	0.163	0.273	0.866
TCGA.MZ.A5BI.01A.31R.A34R.07	0	0.035	0.4	0.155	0.178	0.148	0.186	0.217	0.193	0.124	0.356	0.074	0	0	0.232	0.191	0.154	0.062	0.17	0.321	0.095	0.138	0.146	0.31	0.76
TCGA.MZ.A6I9.01A.11R.A31N.07	0	0.061	0.348	0.052	0.175	0.049	0.073	0.174	0.21	0.163	0.293	0.071	0.089	0	0.197	0.099	0.193	0.102	0.069	0.277	0.136	0.119	0.177	0.259	0.688
TCGA.MZ.A7D7.01A.21R.A34R.07	0	0.075	0.241	0.09	0.063	0.053	0.035	0.092	0.195	0.221	0.104	0.066	0.086	0.029	0.238	0.107	0.053	0.169	0.077	0.218	0.189	0.099	0.049	0.156	0.535
TCGA.P3.A5Q5.01A.11R.A28V.07	0	0.059	0.445	0.148	0.145	0.029	0.24	0.229	0.155	0.034	0.37	0.072	0.008	0.006	0.218	0.267	0.136	0.109	0.349	0.245	0.065	0.186	0.136	0.313	0.849
TCGA.P3.A5Q6.01A.11R.A28V.07	0.017	0.133	0.216	0.093	0.12	0.066	0.016	0.189	0.171	0.115	0.069	0.08	0	0.073	0.255	0.278	0.056	0.188	0.204	0.093	0.139	0.028	0.135	0.213	0.686
TCGA.P3.A5QA.01A.11R.A28V.07	0.011	0.106	0.278	0.084	0.067	0.101	0.169	0.098	0.218	0.162	0.039	0	0.061	0.168	0.198	0.162	0.045	0.111	0.093	0.212	0.153	0.062	0.101	0.165	0.547
TCGA.P3.A5QE.01A.11R.A28V.07	0	0.06	0.412	0.077	0.176	0.119	0.207	0.218	0.201	0.202	0.383	0.152	0.007	0	0.171	0.12	0.122	0.041	0.005	0.182	0.071	0.138	0.223	0.307	0.562
TCGA.P3.A5QF.01A.11R.A28V.07	0	0.056	0.364	0.095	0.107	0.069	0.087	0.253	0.115	0.111	0.192	0.053	0.051	0	0.25	0.249	0.058	0.156	0.259	0.127	0.158	0.157	0.071	0.22	0.68
TCGA.P3.A6SW.01A.11R.A34R.07	0	0.036	0.428	0.122	0.155	0.028	0.099	0.242	0.216	0.165	0.349	0.092	0.044	0.017	0.134	0.172	0.126	0.163	0.184	0.344	0.117	0.138	0.141	0.305	0.814
TCGA.P3.A6SX.01A.11R.A34R.07	0	0.051	0.305	0.065	0.092	0.018	0.062	0.08	0.172	0.265	0.086	0.026	0.031	0.1	0.2	0.123	0.079	0.109	0.067	0.196	0.185	0.07	0.118	0.26	0.597
TCGA.P3.A6T0.01A.12R.A34R.07	0	0.052	0.284	0.054	0.047	0.097	0.15	0.087	0.278	0.209	0.01	0.022	0.058	0.029	0.213	0.215	0.038	0.153	0.115	0.174	0.197	0.074	0.068	0.187	0.602
TCGA.P3.A6T2.01A.11R.A34R.07	0	0.083	0.346	0.062	0.152	0.142	0.202	0.161	0.138	0.161	0.063	0.04	0.075	0.001	0.136	0.229	0.03	0.173	0.198	0.131	0.151	0.096	0.081	0.217	0.635
TCGA.P3.A6T3.01A.11R.A34R.07	0	0.062	0.236	0.056	0.061	0.103	0.149	0.125	0.099	0.164	0.03	0.056	0.009	0.097	0.195	0.252	0.053	0.164	0.126	0.116	0.237	0.003	0.022	0.193	0.61
TCGA.P3.A6T4.01A.11R.A34R.07	0	0.061	0.284	0.021	0.15	0.034	0.036	0.169	0.183	0.248	0.149	0.087	0.015	0.098	0.244	0.142	0.064	0.132	0.075	0.127	0.218	0.048	0.153	0.257	0.613
TCGA.P3.A6T5.01A.11R.A34R.07	0	0.111	0.276	0.07	0.115	0.093	0.118	0.094	0.162	0.132	0.174	0	0.037	0.123	0.272	0.273	0.051	0.174	0.208	0.184	0.187	0.061	0.1	0.237	0.741
TCGA.P3.A6T6.01A.11R.A34R.07	0.036	0.149	0.215	0.026	0.045	0.008	0	0.121	0.11	0.162	0.156	0	0.065	0.046	0.195	0.106	0.077	0.159	0.079	0.032	0.222	0.162	0.153	0.216	0.547
TCGA.P3.A6T7.01A.11R.A34R.07	0	0.059	0.367	0.111	0.047	0.097	0.115	0.254	0.074	0.183	0.087	0.042	0.053	0.06	0.234	0.154	0.074	0.183	0.11	0.239	0.213	0.063	0.089	0.201	0.662
TCGA.P3.A6T8.01A.11R.A34R.07	0.018	0.122	0.212	0.066	0.146	0.074	0.141	0.091	0.14	0.17	0.031	0.037	0	0.17	0.14	0.236	0.022	0.142	0.061	0.175	0.179	0.061	0.157	0.094	0.559
TCGA.QK.A64Z.01A.11R.A30B.07	0	0.059	0.274	0.132	0.044	0.103	0.049	0.213	0.163	0.15	0.074	0.008	0.102	0.025	0.222	0.183	0.118	0.19	0.197	0.214	0.212	0.1	0.085	0.219	0.743
TCGA.QK.A652.01A.11R.A30B.07	0	0.044	0.347	0.058	0.15	0.086	0.198	0.188	0.172	0.109	0.277	0.118	0.036	0.166	0.23	0.202	0.08	0.114	0.138	0.191	0.133	0.068	0.181	0.284	0.694
TCGA.QK.A6IF.01A.11R.A31N.07	0	0.057	0.365	0.115	0.192	0.073	0.181	0.24	0.207	0.105	0.424	0.127	0	0	0.169	0.102	0.276	0.061	0.073	0.23	0.044	0.107	0.271	0.306	0.715
TCGA.QK.A6IG.01A.11R.A31N.07	0	0.032	0.379	0.117	0.105	0.084	0.114	0.277	0.209	0.044	0.172	0.044	0.063	0.107	0.251	0.21	0.036	0.123	0.21	0.295	0.145	0.128	0.138	0.214	0.72
TCGA.QK.A6IH.01A.11R.A31N.07	0	0.095	0.305	0.085	0.082	0.09	0.045	0.111	0.051	0.147	0.105	0	0.021	0.049	0.258	0.252	0.047	0.216	0.267	0.151	0.182	0.13	0.045	0.235	0.732
TCGA.QK.A6II.01A.11R.A31N.07	0	0.003	0.347	0.125	0.022	0.043	0.132	0.274	0.238	0.178	0.096	0	0.083	0.073	0.256	0.21	0.049	0.142	0.169	0.324	0.207	0.001	0.036	0.265	0.736
TCGA.QK.A6IJ.01A.11R.A31N.07	0	0.037	0.323	0.102	0.147	0.107	0.047	0.205	0.23	0.12	0.256	0	0.06	0.048	0.272	0.208	0.086	0.122	0.211	0.291	0.178	0.107	0.154	0.27	0.798
TCGA.QK.A6V9.01A.11R.A34R.07	0	0.054	0.422	0.143	0.14	0.091	0.165	0.257	0.197	0.073	0.396	0.107	0.061	0	0.194	0.13	0.171	0.116	0.074	0.239	0.093	0.115	0.126	0.324	0.668
TCGA.QK.A6VB.01A.12R.A34R.07	0	0.088	0.215	0.092	0.088	0.051	0	0.091	0	0.209	0.023	0.044	0.006	0.021	0.192	0.228	0.113	0.195	0.169	0.038	0.253	0.102	0.024	0.2	0.64
TCGA.QK.A6VC.01A.23R.A34R.07	0	0.064	0.42	0.105	0.168	0.132	0.162	0.239	0.199	0.121	0.355	0.122	0.032	0	0.162	0.166	0.1	0.146	0.15	0.261	0.095	0.147	0.184	0.281	0.726
TCGA.QK.A8Z7.01A.11R.A39I.07	0	0.097	0.3	0.029	0.158	0.009	0	0.105	0.191	0.182	0.116	0.015	0	0.19	0.188	0.135	0.162	0.191	0.111	0.113	0.171	0.104	0.152	0.205	0.65
TCGA.QK.A8Z8.01A.11R.A39I.07	0	0.057	0.368	0.06	0.158	0.081	0.106	0.173	0.198	0.203	0.085	0.02	0.105	0.053	0.162	0.116	0.121	0.119	0.035	0.241	0.244	0.098	0.094	0.264	0.647
TCGA.QK.A8Z9.01B.11R.A39I.07	0	0.096	0.353	0.065	0.191	0.091	0.223	0.17	0.114	0.097	0.188	0.073	0.033	0.122	0.209	0.195	0.075	0.172	0.245	0.153	0.118	0.072	0.176	0.244	0.723
TCGA.QK.A8ZA.01A.11R.A39I.07	0	0.116	0.246	0.068	0.139	0.099	0.134	0.204	0.136	0.179	0.096	0.043	0.069	0.017	0.188	0.165	0.111	0.065	0.113	0.229	0.2	0.094	0.093	0.191	0.611
TCGA.QK.A8ZB.01A.11R.A39I.07	0.015	0.09	0.314	0.08	0.2	0.077	0.132	0.147	0.203	0.195	0.104	0.069	0.009	0.025	0.208	0.202	0.131	0.188	0.172	0.197	0.158	0.031	0.086	0.256	0.729
TCGA.QK.AA3J.01A.11R.A39I.07	0	0.053	0.318	0.11	0.125	0.137	0.163	0.24	0.096	0.149	0.245	0.037	0.069	0.049	0.13	0.125	0.092	0.041	0.042	0.189	0.168	0.163	0.102	0.288	0.55
TCGA.QK.AA3K.01A.11R.A39I.07	0	0.079	0.366	0.075	0.151	0.068	0.125	0.151	0.141	0.156	0.262	0.048	0.009	0.065	0.211	0.195	0.047	0.175	0.25	0.28	0.093	0.185	0.169	0.268	0.775
TCGA.RS.A6TO.01A.32R.A34R.07	0	0.053	0.473	0.122	0.135	0.089	0.153	0.311	0.192	0.11	0.166	0.051	0.06	0.04	0.166	0.171	0.053	0.174	0.267	0.234	0.129	0.083	0.123	0.251	0.736
TCGA.RS.A6TP.01A.12R.A34R.07	0	0.04	0.385	0.104	0.08	0.143	0.154	0.245	0.208	0.14	0.206	0.02	0.088	0	0.137	0.213	0.035	0.165	0.122	0.216	0.174	0.123	0.043	0.264	0.646
TCGA.T2.A6WX.01A.12R.A34R.07	0	0.015	0.45	0.175	0.132	0.131	0.118	0.306	0.254	0.014	0.257	0.023	0.032	0.031	0.235	0.201	0.065	0.097	0.285	0.324	0.121	0.137	0.09	0.337	0.797
TCGA.T2.A6WZ.01A.21R.A34R.07	0	0.076	0.35	0.055	0.149	0.053	0.05	0.148	0.264	0.137	0.256	0.009	0.053	0.094	0.253	0.188	0.143	0.075	0.12	0.298	0.124	0.101	0.137	0.283	0.718
TCGA.T2.A6X0.01A.11R.A34R.07	0	0.004	0.36	0.092	0.156	0.045	0.144	0.215	0.185	0.17	0.355	0.145	0.044	0	0.227	0.154	0.111	0.126	0.184	0.232	0.072	0.202	0.185	0.279	0.705
TCGA.T2.A6X2.01A.12R.A34R.07	0	0.069	0.415	0.132	0.121	0.097	0.203	0.302	0.165	0.071	0.178	0.044	0.046	0.025	0.184	0.19	0.052	0.151	0.198	0.257	0.138	0.113	0.076	0.276	0.702
TCGA.T3.A92M.01A.31R.A39I.07	0	0.105	0.387	0.124	0.165	0.132	0.168	0.253	0.22	0.084	0.243	0.101	0.041	0.04	0.163	0.197	0.107	0.153	0.207	0.235	0.087	0.1	0.185	0.258	0.75
TCGA.T3.A92N.01A.11R.A39I.07	0	0.024	0.347	0.126	0.133	0.108	0.169	0.304	0.103	0.056	0.133	0.041	0.074	0.038	0.202	0.219	0.066	0.196	0.254	0.147	0.174	0.132	0.078	0.214	0.707
TCGA.TN.A7HI.01A.11R.A34R.07	0	0.088	0.446	0.145	0.163	0.076	0.059	0.277	0.24	0.05	0.35	0.041	0.04	0	0.173	0.176	0.16	0.101	0.194	0.351	0.074	0.184	0.155	0.36	0.824
TCGA.TN.A7HJ.01A.12R.A34R.07	0	0.09	0.222	0.046	0.195	0.088	0.091	0.099	0.163	0.198	0.094	0.071	0.038	0.041	0.256	0.161	0.149	0.121	0.109	0.082	0.192	0.039	0.133	0.259	0.632
TCGA.TN.A7HL.01A.11R.A34R.07	0	0	0.483	0.157	0.134	0.082	0.133	0.236	0.198	0.022	0.363	0.076	0.023	0	0.219	0.199	0.141	0.127	0.305	0.295	0.064	0.202	0.169	0.381	0.882
TCGA.UF.A718.01A.22R.A34R.07	0	0.08	0.351	0.088	0.173	0.076	0.136	0.181	0.228	0.127	0.252	0.088	0.025	0.062	0.334	0.172	0.091	0.144	0.091	0.266	0.135	0.088	0.17	0.282	0.709
TCGA.UF.A719.01A.12R.A34R.07	0	0.023	0.291	0.074	0.064	0.086	0.092	0.2	0.113	0.206	0.222	0.014	0.098	0.119	0.168	0.182	0.098	0.099	0.132	0.231	0.249	0.071	0.074	0.206	0.667
TCGA.UF.A71A.01A.22R.A34R.07	0.002	0.089	0.212	0.027	0.111	0.032	0.087	0.114	0.202	0.211	0.067	0.036	0.038	0.135	0.218	0.246	0.061	0.219	0.244	0.177	0.166	0.039	0.084	0.176	0.721
TCGA.UF.A71A.06A.11R.A39I.07	0.039	0.079	0.026	0.037	0.114	0	0	0.052	0.006	0.202	0	0.13	0	0.059	0.144	0.236	0.08	0.224	0.185	0.155	0.233	0.033	0.085	0.108	0.686
TCGA.UF.A71B.01A.12R.A34R.07	0	0.114	0.307	0.089	0.161	0.083	0.126	0.147	0.194	0.187	0.128	0.084	0.006	0.074	0.231	0.193	0.099	0.158	0.228	0.225	0.207	0.056	0.087	0.226	0.746
TCGA.UF.A71D.01A.12R.A34R.07	0	0.072	0.327	0.05	0.195	0.094	0.097	0.126	0.138	0.173	0.208	0.139	0.036	0	0.202	0.14	0.176	0.11	0.09	0.128	0.169	0.103	0.133	0.242	0.623
TCGA.UF.A71E.01A.31R.A34R.07	0	0.138	0.257	0.068	0.111	0.01	0	0.078	0.275	0.143	0.111	0.038	0.039	0.02	0.22	0.173	0.136	0.103	0.114	0.124	0.224	0.073	0.109	0.204	0.624
TCGA.UF.A7J9.01A.12R.A34R.07	0	0.111	0.346	0.093	0.184	0.042	0.181	0.134	0.244	0.151	0.08	0.008	0.016	0.065	0.163	0.185	0.01	0.172	0.273	0.211	0.149	0.12	0.142	0.201	0.704
TCGA.UF.A7JA.01A.12R.A34R.07	0.003	0.151	0.319	0.071	0.123	0.09	0.03	0.124	0.125	0.144	0.171	0	0.005	0.022	0.258	0.161	0.065	0.17	0.099	0.209	0.166	0.149	0.14	0.235	0.653
TCGA.UF.A7JC.01A.21R.A34R.07	0	0.015	0.209	0.056	0.065	0.095	0.088	0.091	0.164	0.209	0.052	0.083	0.035	0.032	0.216	0.197	0.08	0.193	0.096	0.201	0.225	0.055	0.058	0.185	0.647
TCGA.UF.A7JD.01A.11R.A34R.07	0	0.094	0.317	0.055	0.179	0.051	0.154	0.118	0.178	0.19	0.115	0	0	0.211	0.196	0.152	0.04	0.156	0.202	0.225	0.135	0.08	0.135	0.171	0.638
TCGA.UF.A7JF.01A.11R.A34R.07	0	0.011	0.335	0.08	0.148	0.085	0.038	0.154	0.24	0.125	0.199	0	0.048	0.151	0.226	0.225	0.097	0.126	0.246	0.313	0.128	0.176	0.059	0.279	0.773
TCGA.UF.A7JH.01A.21R.A34R.07	0	0.074	0.385	0.096	0.133	0.033	0.146	0.231	0.166	0.098	0.278	0.042	0.021	0.168	0.247	0.169	0.061	0.152	0.247	0.279	0.097	0.143	0.144	0.273	0.747
TCGA.UF.A7JJ.01A.11R.A34R.07	0	0.055	0.409	0.114	0.189	0.052	0.184	0.221	0.204	0.101	0.308	0.118	0.004	0.051	0.232	0.184	0.076	0.189	0.248	0.246	0.088	0.122	0.186	0.323	0.809
TCGA.UF.A7JK.01A.11R.A34R.07	0.021	0.082	0.116	0.036	0	0.019	0	0.053	0	0.201	0	0.045	0	0.147	0.229	0.218	0.097	0.168	0.07	0.133	0.222	0	0.046	0.197	0.604
TCGA.UF.A7JO.01A.11R.A34R.07	0	0.029	0.427	0.152	0.138	0.045	0.172	0.288	0.197	0.068	0.302	0.083	0.016	0.053	0.196	0.307	0.066	0.187	0.304	0.294	0.123	0.11	0.16	0.258	0.89
TCGA.UF.A7JS.01A.11R.A34R.07	0	0	0.416	0.092	0.164	0.073	0.149	0.203	0.246	0.034	0.178	0.007	0.047	0.118	0.278	0.248	0.067	0.129	0.283	0.368	0.15	0.092	0.095	0.281	0.851
TCGA.UF.A7JT.01A.11R.A34R.07	0	0.022	0.472	0.168	0.132	0.064	0.107	0.301	0.217	0.069	0.27	0.048	0.027	0.057	0.187	0.226	0.068	0.135	0.336	0.335	0.121	0.112	0.118	0.333	0.877
TCGA.UF.A7JV.01A.11R.A34R.07	0	0.032	0.371	0.087	0.156	0.135	0.212	0.236	0.233	0.107	0.082	0	0.042	0.104	0.178	0.298	0.011	0.236	0.33	0.199	0.161	0.115	0.088	0.188	0.793
TCGA.UP.A6WW.01A.12R.A34R.07	0	0.032	0.363	0.07	0.145	0.114	0.102	0.224	0.231	0.264	0.232	0.061	0.061	0.01	0.138	0.259	0.12	0.167	0.216	0.223	0.106	0.152	0.149	0.286	0.801
TCGA.WA.A7GZ.01A.11R.A34R.07	0	0.026	0.114	0.003	0.142	0.093	0.132	0.137	0	0.199	0.029	0.051	0.048	0.208	0.119	0.224	0.08	0.171	0.142	0.137	0.214	0.056	0.093	0.113	0.615
TCGA.WA.A7GZ.11A.11R.A34R.07	0.019	0.102	0.276	0	0	0	0.021	0.047	0.159	0.305	0.121	0.032	0	0.164	0.261	0.104	0.056	0.118	0.082	0.196	0.18	0.141	0.148	0.209	0.573
TCGA.WA.A7H4.01A.21R.A34R.07	0	0.135	0.314	0.049	0.182	0.119	0.23	0.067	0.179	0.179	0.031	0.019	0.042	0.147	0.205	0.191	0.057	0.163	0.159	0.185	0.116	0.06	0.182	0.218	0.667
